2913	1
7779	2
8853	3
122	4
7566	5
246	6
2960	7
8484	8
1923	9
6825	10
2838	11
9351	12
1144	13
2859	14
7885	15
250	16
5564	17
4071	18
9612	19
8114	20
8497	21
4411	22
8292	23
286	24
8216	25
6862	26
4144	27
9692	28
7004	29
7055	30
386	31
1362	32
7421	33
5666	34
3896	35
7906	36
1441	37
4024	38
118	39
8283	40
9106	41
3211	42
6639	43
7008	44
3162	45
7593	46
1300	47
7274	48
2529	49
6218	50
6625	51
8215	52
5326	53
7993	54
814	55
6581	56
4542	57
6158	58
5794	59
4900	60
4684	61
2713	62
1221	63
113	64
8058	65
530	66
7797	67
6035	68
8493	69
4983	70
3078	71
5904	72
4141	73
739	74
4100	75
7920	76
1863	77
4762	78
9487	79
605	80
3722	81
5075	82
8199	83
9665	84
6448	85
2796	86
3283	87
717	88
558	89
621	90
2480	91
4264	92
5481	93
4643	94
5065	95
405	96
3706	97
7295	98
7131	99
1004	100
9512	101
2358	102
2320	103
7649	104
4030	105
4845	106
8728	107
8532	108
6720	109
1676	110
7485	111
922	112
3624	113
2464	114
5390	115
7603	116
6087	117
8941	118
1712	119
3909	120
123	121
8165	122
9058	123
1581	124
6554	125
5591	126
2008	127
130	128
463	129
5549	130
6440	131
99	132
6307	133
7930	134
2944	135
2216	136
2309	137
1416	138
6564	139
3545	140
9414	141
500	142
8985	143
7502	144
3836	145
61	146
7777	147
9025	148
4862	149
1275	150
7474	151
4020	152
3641	153
6163	154
2548	155
6702	156
4636	157
3953	158
4256	159
4493	160
6239	161
95	162
3724	163
3710	164
2381	165
6041	166
3971	167
3343	168
4222	169
1410	170
2552	171
6003	172
1887	173
2848	174
7776	175
4367	176
6294	177
6191	178
7490	179
1093	180
4457	181
1587	182
1541	183
1024	184
9594	185
7212	186
3048	187
6369	188
2963	189
2779	190
8074	191
3856	192
5589	193
5935	194
2317	195
9433	196
4952	197
3297	198
92	199
670	200
7361	201
4420	202
2873	203
7771	204
1432	205
1155	206
4546	207
9332	208
5696	209
2852	210
6575	211
5250	212
3510	213
5719	214
2106	215
3476	216
2813	217
533	218
3627	219
2378	220
1963	221
6876	222
5615	223
86	224
2904	225
3490	226
3194	227
4816	228
97	229
4199	230
1474	231
6875	232
26	233
4808	234
1378	235
4453	236
332	237
3980	238
6853	239
4831	240
6989	241
2401	242
1422	243
2041	244
5931	245
6856	246
9014	247
4873	248
3982	249
9273	250
2171	251
7046	252
5062	253
9070	254
3320	255
4076	256
9079	257
3685	258
3248	259
6681	260
2297	261
5682	262
2247	263
4414	264
2324	265
5245	266
3556	267
3752	268
6309	269
6365	270
5661	271
5088	272
910	273
6623	274
997	275
8258	276
4485	277
619	278
5758	279
9350	280
5535	281
5363	282
1413	283
9741	284
1675	285
1611	286
1920	287
6293	288
2998	289
680	290
2382	291
2042	292
8309	293
6011	294
3816	295
393	296
531	297
69	298
9391	299
4036	300
5369	301
117	302
6288	303
7386	304
8148	305
227	306
3409	307
4032	308
9296	309
3156	310
100	311
7351	312
3924	313
9116	314
2354	315
7770	316
6924	317
201	318
140	319
5740	320
3584	321
2032	322
9154	323
5288	324
6611	325
6999	326
4031	327
2637	328
8962	329
7409	330
7464	331
8539	332
828	333
6514	334
6254	335
3831	336
6901	337
5367	338
651	339
3801	340
4581	341
2205	342
1185	343
9642	344
20	345
7806	346
1400	347
9186	348
2542	349
2450	350
6889	351
7955	352
7659	353
1281	354
3251	355
2899	356
5283	357
5287	358
6102	359
1435	360
7632	361
4864	362
8967	363
5008	364
3439	365
926	366
5226	367
1538	368
3581	369
4392	370
3662	371
2180	372
4464	373
1516	374
7983	375
6100	376
344	377
5096	378
7875	379
3466	380
1152	381
434	382
5168	383
1670	384
4151	385
7237	386
8224	387
944	388
4527	389
1043	390
9500	391
5453	392
9485	393
4578	394
8909	395
2206	396
7780	397
15	398
159	399
8569	400
704	401
8013	402
5905	403
9446	404
2236	405
1683	406
1189	407
1191	408
5246	409
6098	410
1302	411
9145	412
7866	413
3568	414
4189	415
783	416
4682	417
2533	418
6273	419
8550	420
6444	421
1921	422
5797	423
4749	424
9117	425
5825	426
6442	427
85	428
2121	429
1401	430
60	431
705	432
7344	433
1889	434
2146	435
6745	436
5655	437
2227	438
8082	439
4837	440
9257	441
7985	442
4820	443
8700	444
6658	445
764	446
6269	447
7376	448
5228	449
1096	450
3287	451
7815	452
9024	453
1248	454
180	455
48	456
8960	457
97	458
188	459
8634	460
5782	461
1884	462
2564	463
570	464
3910	465
8851	466
6101	467
5687	468
2532	469
1989	470
2239	471
7477	472
6915	473
9316	474
5034	475
8842	476
3102	477
4510	478
7112	479
6311	480
128	481
107	482
9417	483
1987	484
4123	485
9479	486
9750	487
5815	488
8627	489
6402	490
1201	491
3528	492
2754	493
7106	494
8751	495
2856	496
7382	497
856	498
1897	499
3842	500
2734	501
2336	502
4097	503
7111	504
6145	505
2030	506
979	507
6542	508
7953	509
4342	510
9023	511
4201	512
5781	513
4708	514
8908	515
3914	516
5307	517
7239	518
8227	519
8747	520
8240	521
2335	522
7221	523
7059	524
86	525
569	526
6717	527
4357	528
6794	529
94	530
4812	531
2807	532
3084	533
3403	534
4625	535
6754	536
5967	537
3249	538
3325	539
7731	540
2470	541
3653	542
9037	543
862	544
1633	545
3749	546
1957	547
4263	548
6065	549
2261	550
8245	551
5336	552
5691	553
4968	554
6472	555
6418	556
9597	557
5354	558
8750	559
2095	560
918	561
2824	562
5501	563
425	564
4733	565
837	566
3714	567
4366	568
4393	569
7948	570
9709	571
2400	572
9355	573
5725	574
136	575
7197	576
8348	577
3445	578
9724	579
882	580
1408	581
2681	582
5233	583
3090	584
4803	585
8147	586
8470	587
8324	588
1534	589
4040	590
829	591
1839	592
9082	593
9624	594
7324	595
4626	596
5624	597
4800	598
3042	599
3366	600
8236	601
2969	602
563	603
1311	604
2926	605
6214	606
7037	607
1608	608
2688	609
3268	610
865	611
5808	612
5713	613
8753	614
2561	615
4368	616
1206	617
676	618
5006	619
7327	620
3949	621
1627	622
1941	623
4165	624
2113	625
3379	626
6130	627
8911	628
7619	629
1159	630
5530	631
1853	632
4922	633
4507	634
8307	635
3049	636
3389	637
3567	638
190	639
7650	640
6629	641
1743	642
870	643
435	644
5166	645
816	646
6877	647
8763	648
9509	649
9578	650
5389	651
5811	652
6155	653
3586	654
8774	655
8501	656
8965	657
2393	658
5663	659
6267	660
176	661
7536	662
5038	663
5891	664
83	665
4700	666
3087	667
5293	668
198	669
9461	670
5916	671
8812	672
7231	673
6131	674
6536	675
1771	676
4817	677
32	678
7624	679
6884	680
5552	681
3451	682
7396	683
1386	684
983	685
7925	686
989	687
9120	688
1615	689
4978	690
7203	691
8019	692
1263	693
1172	694
9157	695
9584	696
5465	697
8384	698
3043	699
8880	700
4853	701
964	702
3672	703
3936	704
33	705
618	706
8631	707
6838	708
6635	709
8955	710
5004	711
9309	712
8767	713
3277	714
3729	715
5879	716
4432	717
3290	718
4175	719
1146	720
2435	721
9036	722
572	723
1892	724
4562	725
5982	726
8824	727
5325	728
7149	729
7122	730
1209	731
8026	732
4949	733
1282	734
8663	735
9544	736
214	737
5990	738
5517	739
6506	740
8244	741
5746	742
5312	743
1644	744
1067	745
3696	746
4226	747
9759	748
1893	749
9241	750
6443	751
6675	752
4768	753
1596	754
8568	755
5010	756
1148	757
9438	758
3617	759
9333	760
4107	761
3822	762
4197	763
8529	764
4883	765
5061	766
7002	767
4597	768
7814	769
9144	770
129	771
4166	772
4511	773
185	774
6988	775
4649	776
6382	777
8382	778
7256	779
9683	780
1259	781
1603	782
128	783
2948	784
5894	785
2323	786
5834	787
77	788
747	789
5603	790
878	791
9187	792
1518	793
6196	794
8637	795
4172	796
9734	797
6150	798
2611	799
8537	800
8017	801
8683	802
1942	803
3922	804
7438	805
4686	806
1937	807
2809	808
8394	809
358	810
6074	811
7801	812
3730	813
7286	814
3610	815
8677	816
9075	817
810	818
5254	819
7246	820
9424	821
8791	822
5739	823
1949	824
6232	825
170	826
5672	827
901	828
142	829
8658	830
4239	831
6195	832
46	833
5833	834
352	835
8190	836
8708	837
9159	838
7615	839
8375	840
2229	841
6713	842
9543	843
5618	844
8895	845
3652	846
6662	847
6237	848
2218	849
725	850
6837	851
7273	852
8610	853
4015	854
3833	855
6393	856
8412	857
1622	858
2908	859
7070	860
5730	861
5165	862
9699	863
7081	864
5375	865
2482	866
8378	867
2194	868
4220	869
465	870
6296	871
6252	872
2289	873
1241	874
6586	875
9320	876
3950	877
2844	878
9731	879
2029	880
6936	881
3770	882
83	883
1961	884
6644	885
1848	886
9158	887
276	888
7915	889
8100	890
3431	891
9193	892
8372	893
3711	894
1161	895
7280	896
6337	897
7321	898
2022	899
5653	900
2210	901
3300	902
4115	903
6840	904
2189	905
805	906
8695	907
3852	908
9593	909
2743	910
706	911
9177	912
474	913
5972	914
7195	915
5398	916
7822	917
3532	918
355	919
4210	920
6934	921
4520	922
5988	923
4620	924
2310	925
8502	926
5068	927
3566	928
5907	929
8166	930
6737	931
5917	932
5712	933
133	934
3308	935
5431	936
2305	937
9618	938
8052	939
4339	940
3	941
1695	942
2225	943
8772	944
9413	945
6301	946
3265	947
3436	948
4646	949
8176	950
2255	951
5350	952
1647	953
8578	954
6846	955
4280	956
2748	957
5031	958
9406	959
809	960
7518	961
9367	962
2817	963
9637	964
2990	965
84	966
8936	967
3876	968
8184	969
6532	970
1106	971
145	972
5408	973
755	974
2907	975
2586	976
8632	977
8511	978
6821	979
8048	980
213	981
4219	982
2799	983
4991	984
1935	985
6263	986
2887	987
8043	988
9269	989
7453	990
8840	991
6673	992
1472	993
694	994
5234	995
5137	996
4062	997
6946	998
3327	999
482	1000
4474	1001
9303	1002
422	1003
8923	1004
2273	1005
4068	1006
6046	1007
8235	1008
2062	1009
144	1010
5796	1011
1066	1012
915	1013
2776	1014
6213	1015
353	1016
2757	1017
3260	1018
3690	1019
1332	1020
155	1021
5179	1022
4727	1023
7077	1024
215	1025
50	1026
8769	1027
5265	1028
743	1029
6728	1030
7555	1031
3309	1032
4019	1033
8163	1034
4340	1035
988	1036
3122	1037
7499	1038
1323	1039
4095	1040
1186	1041
6088	1042
9707	1043
3895	1044
3870	1045
18	1046
658	1047
3775	1048
790	1049
2200	1050
9299	1051
1478	1052
6315	1053
6250	1054
8822	1055
1856	1056
6051	1057
555	1058
6632	1059
365	1060
4521	1061
6609	1062
3068	1063
1243	1064
8059	1065
2228	1066
2566	1067
6416	1068
4617	1069
5160	1070
8636	1071
4351	1072
892	1073
3414	1074
4915	1075
5106	1076
7105	1077
1634	1078
3904	1079
327	1080
108	1081
9184	1082
6497	1083
5642	1084
7595	1085
8877	1086
6645	1087
2517	1088
5751	1089
3473	1090
1669	1091
2360	1092
5826	1093
197	1094
3172	1095
9714	1096
1073	1097
3844	1098
4090	1099
6423	1100
7892	1101
1496	1102
9719	1103
5187	1104
7188	1105
4702	1106
4011	1107
4906	1108
556	1109
314	1110
7744	1111
3514	1112
6986	1113
7306	1114
2212	1115
7413	1116
6207	1117
1107	1118
3959	1119
5041	1120
6038	1121
6165	1122
4276	1123
5557	1124
1797	1125
4637	1126
5222	1127
838	1128
3196	1129
78	1130
657	1131
4046	1132
8162	1133
2487	1134
4375	1135
6618	1136
939	1137
7543	1138
2994	1139
886	1140
4167	1141
7861	1142
101	1143
5664	1144
5887	1145
7383	1146
8447	1147
7728	1148
6750	1149
1075	1150
786	1151
1312	1152
7898	1153
4593	1154
8940	1155
1866	1156
7082	1157
9702	1158
8388	1159
9306	1160
445	1161
6360	1162
1431	1163
9727	1164
2686	1165
7367	1166
2338	1167
8684	1168
7487	1169
5497	1170
4206	1171
5693	1172
2328	1173
4023	1174
8598	1175
6897	1176
14	1177
5622	1178
172	1179
91	1180
6736	1181
4779	1182
7259	1183
972	1184
6508	1185
1601	1186
3743	1187
6598	1188
8625	1189
535	1190
5741	1191
3930	1192
8990	1193
3530	1194
171	1195
9524	1196
6235	1197
6711	1198
1068	1199
8948	1200
959	1201
285	1202
8686	1203
9123	1204
1006	1205
8912	1206
4137	1207
9535	1208
1314	1209
4136	1210
42	1211
5273	1212
6677	1213
8742	1214
90	1215
9494	1216
6034	1217
6984	1218
6201	1219
5551	1220
2436	1221
689	1222
3450	1223
8444	1224
204	1225
2579	1226
7660	1227
8178	1228
2692	1229
7099	1230
3731	1231
4785	1232
3893	1233
6400	1234
8843	1235
8995	1236
5962	1237
4732	1238
6800	1239
4769	1240
8042	1241
883	1242
188	1243
7867	1244
2197	1245
9050	1246
3117	1247
7108	1248
6081	1249
6367	1250
3315	1251
1195	1252
2941	1253
3718	1254
7430	1255
6649	1256
6703	1257
7957	1258
9215	1259
9009	1260
9723	1261
6002	1262
3437	1263
2617	1264
8406	1265
8780	1266
6321	1267
6608	1268
7719	1269
8381	1270
800	1271
6290	1272
9398	1273
9275	1274
5266	1275
9347	1276
4253	1277
371	1278
639	1279
947	1280
823	1281
8140	1282
1318	1283
35	1284
1732	1285
7437	1286
1481	1287
624	1288
2158	1289
7996	1290
2728	1291
672	1292
3279	1293
3885	1294
6577	1295
8614	1296
126	1297
25	1298
4235	1299
8944	1300
8113	1301
5644	1302
7261	1303
6071	1304
664	1305
5881	1306
2420	1307
8852	1308
53	1309
8721	1310
1567	1311
7472	1312
3452	1313
835	1314
2443	1315
768	1316
2217	1317
5199	1318
1202	1319
2971	1320
967	1321
5464	1322
7733	1323
7804	1324
390	1325
5039	1326
8063	1327
5471	1328
6479	1329
8261	1330
4482	1331
984	1332
9041	1333
1640	1334
8540	1335
1573	1336
8277	1337
9496	1338
93	1339
5849	1340
9165	1341
8583	1342
891	1343
546	1344
7419	1345
3355	1346
9510	1347
1443	1348
9412	1349
2240	1350
9335	1351
345	1352
1226	1353
6386	1354
7032	1355
4950	1356
7202	1357
5306	1358
2100	1359
1958	1360
184	1361
9069	1362
9693	1363
8297	1364
9209	1365
6302	1366
7922	1367
613	1368
7736	1369
6413	1370
3613	1371
5669	1372
763	1373
7785	1374
498	1375
896	1376
1819	1377
6261	1378
4939	1379
2447	1380
4948	1381
3944	1382
5821	1383
7818	1384
8314	1385
7333	1386
7523	1387
4814	1388
4317	1389
1392	1390
4281	1391
8424	1392
3442	1393
211	1394
1597	1395
8434	1396
6186	1397
2457	1398
1808	1399
8056	1400
3998	1401
3001	1402
7218	1403
2237	1404
5553	1405
3202	1406
4876	1407
7042	1408
263	1409
1065	1410
384	1411
3356	1412
55	1413
1026	1414
3145	1415
4417	1416
6394	1417
8884	1418
3284	1419
4363	1420
5997	1421
8743	1422
1007	1423
2538	1424
7540	1425
7100	1426
4205	1427
9127	1428
9703	1429
6922	1430
3296	1431
3203	1432
9381	1433
1748	1434
8209	1435
2411	1436
5282	1437
2083	1438
4908	1439
4395	1440
8933	1441
2758	1442
7899	1443
567	1444
4087	1445
9191	1446
4283	1447
260	1448
4305	1449
1515	1450
6436	1451
2351	1452
3866	1453
1509	1454
1500	1455
8106	1456
3299	1457
7076	1458
4139	1459
6077	1460
9654	1461
4523	1462
1815	1463
8123	1464
133	1465
867	1466
6132	1467
8420	1468
7808	1469
2822	1470
2625	1471
586	1472
5717	1473
6487	1474
9379	1475
296	1476
4561	1477
270	1478
1425	1479
1709	1480
6204	1481
114	1482
2826	1483
194	1484
7703	1485
3347	1486
6194	1487
4623	1488
8435	1489
1350	1490
2707	1491
4094	1492
1638	1493
2947	1494
9339	1495
6411	1496
257	1497
6693	1498
4006	1499
4083	1500
2064	1501
635	1502
9210	1503
821	1504
1781	1505
8582	1506
5801	1507
9722	1508
341	1509
3601	1510
6741	1511
7931	1512
3492	1513
5456	1514
9112	1515
5445	1516
38	1517
2051	1518
5173	1519
3554	1520
8198	1521
4159	1522
149	1523
6159	1524
3184	1525
9468	1526
6345	1527
6891	1528
1354	1529
5264	1530
4300	1531
8894	1532
1830	1533
8313	1534
1548	1535
8197	1536
3127	1537
4694	1538
16	1539
2501	1540
5665	1541
6538	1542
431	1543
7292	1544
602	1545
9096	1546
903	1547
7021	1548
7262	1549
2957	1550
3750	1551
6805	1552
3130	1553
3121	1554
3506	1555
7900	1556
2789	1557
485	1558
8679	1559
5491	1560
5918	1561
3311	1562
4889	1563
9652	1564
5414	1565
464	1566
5255	1567
5181	1568
3440	1569
8612	1570
8727	1571
5357	1572
9100	1573
6894	1574
8588	1575
1938	1576
3109	1577
2286	1578
8185	1579
8694	1580
8734	1581
8267	1582
4451	1583
8930	1584
7493	1585
8577	1586
1380	1587
3580	1588
2933	1589
6069	1590
8959	1591
1646	1592
2935	1593
6772	1594
279	1595
843	1596
175	1597
3689	1598
7516	1599
2293	1600
868	1601
6539	1602
7842	1603
6110	1604
7209	1605
4681	1606
8905	1607
9511	1608
7162	1609
4603	1610
2821	1611
5649	1612
4899	1613
1861	1614
6562	1615
494	1616
9457	1617
1237	1618
644	1619
1511	1620
6103	1621
8290	1622
7687	1623
914	1624
3254	1625
4810	1626
1087	1627
3272	1628
4476	1629
2793	1630
6170	1631
5723	1632
833	1633
4618	1634
3525	1635
8709	1636
8041	1637
9321	1638
8172	1639
1447	1640
7612	1641
9627	1642
6144	1643
4025	1644
5017	1645
7157	1646
2499	1647
7133	1648
3223	1649
8121	1650
5467	1651
2518	1652
9188	1653
1373	1654
6358	1655
9685	1656
1346	1657
7557	1658
4688	1659
3555	1660
1992	1661
4964	1662
5617	1663
6985	1664
9128	1665
4012	1666
2591	1667
292	1668
7675	1669
6945	1670
3622	1671
7232	1672
8522	1673
5802	1674
6892	1675
8690	1676
1388	1677
7671	1678
6389	1679
417	1680
4871	1681
6799	1682
7978	1683
173	1684
730	1685
6303	1686
329	1687
7748	1688
6878	1689
8310	1690
1434	1691
9396	1692
812	1693
9090	1694
660	1695
3074	1696
1946	1697
9599	1698
830	1699
3658	1700
7056	1701
3197	1702
8294	1703
1750	1704
8461	1705
1620	1706
3587	1707
6187	1708
9598	1709
3446	1710
7238	1711
7016	1712
4506	1713
9199	1714
3173	1715
2177	1716
5496	1717
9425	1718
3418	1719
7283	1720
3616	1721
2230	1722
3561	1723
3137	1724
7434	1725
7071	1726
4835	1727
9480	1728
9361	1729
2605	1730
3390	1731
7461	1732
3149	1733
6240	1734
6534	1735
6646	1736
8660	1737
4313	1738
8136	1739
398	1740
1829	1741
6031	1742
9742	1743
3385	1744
2027	1745
3435	1746
6731	1747
4632	1748
1166	1749
8704	1750
6860	1751
143	1752
8021	1753
8760	1754
338	1755
2731	1756
8311	1757
5692	1758
8233	1759
3013	1760
4970	1761
6976	1762
4268	1763
6154	1764
8340	1765
1590	1766
9476	1767
7332	1768
9629	1769
5043	1770
4780	1771
8202	1772
7	1773
1094	1774
5764	1775
2223	1776
3929	1777
4391	1778
5702	1779
3415	1780
5052	1781
1708	1782
8599	1783
1313	1784
8924	1785
7087	1786
5839	1787
9635	1788
5994	1789
9372	1790
8633	1791
2417	1792
8652	1793
2626	1794
7843	1795
5949	1796
1612	1797
675	1798
8015	1799
6525	1800
4920	1801
1607	1802
8804	1803
3639	1804
8039	1805
1531	1806
2761	1807
1417	1808
5303	1809
26	1810
1628	1811
6883	1812
3021	1813
8730	1814
8247	1815
3583	1816
1160	1817
1114	1818
5545	1819
2604	1820
9180	1821
1877	1822
167	1823
372	1824
6217	1825
2804	1826
2613	1827
4398	1828
4153	1829
3163	1830
311	1831
7345	1832
9680	1833
1655	1834
3897	1835
1261	1836
6406	1837
7173	1838
4336	1839
6318	1840
2333	1841
7165	1842
7377	1843
2545	1844
379	1845
2675	1846
1716	1847
2204	1848
9028	1849
4575	1850
9517	1851
8779	1852
3823	1853
2025	1854
3475	1855
8173	1856
7864	1857
4037	1858
9109	1859
8922	1860
52	1861
5789	1862
8105	1863
9240	1864
6185	1865
152	1866
3663	1867
4549	1868
208	1869
154	1870
6457	1871
8030	1872
2544	1873
1529	1874
9648	1875
6476	1876
5356	1877
3847	1878
9360	1879
8344	1880
4452	1881
423	1882
887	1883
4428	1884
9334	1885
2959	1886
489	1887
169	1888
1976	1889
5956	1890
745	1891
8974	1892
4216	1893
7845	1894
1657	1895
3027	1896
7296	1897
4938	1898
7250	1899
8662	1900
4867	1901
7606	1902
9289	1903
9218	1904
934	1905
5360	1906
936	1907
43	1908
3791	1909
2038	1910
3657	1911
9340	1912
2468	1913
3201	1914
2396	1915
2526	1916
4052	1917
8608	1918
7257	1919
4516	1920
609	1921
584	1922
5469	1923
4049	1924
5157	1925
6974	1926
5699	1927
3134	1928
1642	1929
5074	1930
1358	1931
1539	1932
158	1933
2363	1934
4930	1935
9498	1936
2493	1937
8188	1938
3054	1939
8768	1940
5973	1941
4525	1942
4957	1943
4084	1944
3392	1945
7121	1946
8638	1947
2534	1948
9226	1949
8323	1950
7515	1951
3453	1952
6037	1953
5487	1954
5926	1955
9129	1956
3218	1957
9472	1958
7936	1959
5868	1960
437	1961
7678	1962
6666	1963
3402	1964
164	1965
511	1966
4898	1967
4607	1968
2150	1969
420	1970
6432	1971
8149	1972
2738	1973
1623	1974
265	1975
8551	1976
9206	1977
3312	1978
8715	1979
1345	1980
6133	1981
9083	1982
2669	1983
3535	1984
3727	1985
7369	1986
7932	1987
4034	1988
7420	1989
8881	1990
1554	1991
6870	1992
1382	1993
2183	1994
2397	1995
6663	1996
2624	1997
5643	1998
12	1999
190	2000
9444	2001
4696	2002
4656	2003
7400	2004
1044	2005
3523	2006
8119	2007
6621	2008
6468	2009
4665	2010
1123	2011
113	2012
218	2013
7410	2014
81	2015
5269	2016
6998	2017
6802	2018
414	2019
9568	2020
8	2021
617	2022
7194	2023
2562	2024
6078	2025
1588	2026
7694	2027
4515	2028
7427	2029
6938	2030
99	2031
4346	2032
7783	2033
8322	2034
2279	2035
9620	2036
9220	2037
8807	2038
3209	2039
3456	2040
1782	2041
7022	2042
4372	2043
4426	2044
9589	2045
2674	2046
3541	2047
8174	2048
5332	2049
61	2050
9359	2051
9740	2052
8249	2053
5754	2054
8904	2055
2272	2056
9518	2057
6231	2058
6672	2059
6428	2060
9549	2061
6948	2062
8560	2063
7558	2064
198	2065
5016	2066
7519	2067
7960	2068
2794	2069
5159	2070
7759	2071
9631	2072
2812	2073
5040	2074
7890	2075
4195	2076
3250	2077
7872	2078
9337	2079
7310	2080
7463	2081
8067	2082
8211	2083
4631	2084
1326	2085
9147	2086
5404	2087
9667	2088
4194	2089
3591	2090
5119	2091
727	2092
6371	2093
927	2094
6414	2095
6045	2096
7003	2097
1157	2098
6278	2099
5185	2100
4248	2101
8668	2102
4450	2103
3497	2104
210	2105
5426	2106
7492	2107
5799	2108
8606	2109
1854	2110
6706	2111
6276	2112
542	2113
5837	2114
2773	2115
1128	2116
2248	2117
1374	2118
975	2119
1383	2120
4077	2121
9439	2122
6356	2123
1985	2124
8486	2125
630	2126
738	2127
264	2128
6167	2129
3780	2130
4245	2131
4954	2132
5225	2133
8676	2134
3123	2135
8835	2136
223	2137
994	2138
9026	2139
3460	2140
497	2141
9338	2142
6171	2143
6147	2144
7	2145
5001	2146
4956	2147
3597	2148
7967	2149
9300	2150
6624	2151
90	2152
8264	2153
1613	2154
4818	2155
4985	2156
96	2157
1348	2158
5873	2159
3654	2160
2050	2161
4466	2162
9430	2163
3626	2164
685	2165
1728	2166
397	2167
222	2168
9136	2169
3562	2170
9264	2171
6325	2172
2377	2173
1036	2174
6289	2175
3408	2176
758	2177
3417	2178
3093	2179
3882	2180
9640	2181
2092	2182
6742	2183
519	2184
3020	2185
8738	2186
5105	2187
472	2188
2647	2189
98	2190
3170	2191
1697	2192
8097	2193
3371	2194
7298	2195
4132	2196
7863	2197
8609	2198
121	2199
7249	2200
5241	2201
1759	2202
8834	2203
3507	2204
8092	2205
9765	2206
8025	2207
6661	2208
5855	2209
2530	2210
794	2211
3210	2212
4508	2213
9606	2214
2477	2215
5727	2216
8315	2217
2037	2218
512	2219
3304	2220
3175	2221
5257	2222
6503	2223
4801	2224
7328	2225
8242	2226
6942	2227
7125	2228
9520	2229
272	2230
1493	2231
2425	2232
2089	2233
448	2234
5946	2235
1252	2236
5865	2237
4552	2238
4630	2239
9571	2240
4292	2241
3707	2242
4439	2243
4670	2244
7812	2245
3956	2246
4827	2247
8421	2248
7309	2249
321	2250
8794	2251
1178	2252
1003	2253
3875	2254
9345	2255
3665	2256
8416	2257
5321	2258
663	2259
4758	2260
4185	2261
520	2262
8934	2263
9466	2264
3848	2265
4186	2266
8868	2267
1051	2268
2997	2269
9020	2270
7836	2271
2827	2272
691	2273
646	2274
924	2275
5406	2276
5223	2277
9295	2278
2076	2279
3797	2280
9071	2281
3006	2282
1176	2283
212	2284
4410	2285
8685	2286
2682	2287
4540	2288
709	2289
8151	2290
6655	2291
2954	2292
9281	2293
8301	2294
278	2295
8823	2296
9060	2297
1944	2298
8499	2299
7909	2300
5963	2301
1019	2302
3099	2303
615	2304
1812	2305
4419	2306
9669	2307
6847	2308
217	2309
3907	2310
4207	2311
7451	2312
1411	2313
8710	2314
6567	2315
4026	2316
79	2317
632	2318
8848	2319
2107	2320
9107	2321
869	2322
7444	2323
5239	2324
4152	2325
2298	2326
1132	2327
9681	2328
3346	2329
8504	2330
3166	2331
1223	2332
2825	2333
4976	2334
4829	2335
7642	2336
1844	2337
7011	2338
9701	2339
5574	2340
4	2341
7248	2342
9301	2343
2735	2344
8164	2345
9270	2346
21	2347
7425	2348
7760	2349
73	2350
9561	2351
8869	2352
1822	2353
6902	2354
4719	2355
6832	2356
8418	2357
5516	2358
6520	2359
1477	2360
6281	2361
4173	2362
1470	2363
35	2364
1471	2365
6979	2366
920	2367
6951	2368
7910	2369
6049	2370
3069	2371
1550	2372
4425	2373
5842	2374
9405	2375
1506	2376
6512	2377
7172	2378
2234	2379
5614	2380
3072	2381
9636	2382
45	2383
165	2384
5923	2385
6863	2386
7883	2387
9411	2388
4157	2389
5929	2390
1273	2391
9329	2392
4584	2393
3551	2394
8801	2395
9256	2396
3618	2397
6740	2398
9040	2399
7439	2400
5070	2401
724	2402
9146	2403
8997	2404
7319	2405
5738	2406
6	2407
6320	2408
8187	2409
7336	2410
8740	2411
4228	2412
8271	2413
1806	2414
4343	2415
3975	2416
111	2417
3237	2418
1801	2419
799	2420
1995	2421
8090	2422
7654	2423
6896	2424
9326	2425
4936	2426
3900	2427
9011	2428
6953	2429
3285	2430
307	2431
917	2432
911	2433
5867	2434
7820	2435
1530	2436
302	2437
3820	2438
2898	2439
258	2440
731	2441
1936	2442
7393	2443
1267	2444
4840	2445
8282	2446
6079	2447
8080	2448
7600	2449
1336	2450
110	2451
1680	2452
8411	2453
3462	2454
3482	2455
8360	2456
6407	2457
1208	2458
3578	2459
6183	2460
1236	2461
6174	2462
5531	2463
771	2464
3738	2465
7169	2466
1429	2467
2870	2468
2836	2469
6024	2470
7846	2471
3970	2472
4794	2473
4112	2474
8521	2475
3830	2476
1177	2477
8433	2478
4594	2479
6545	2480
2368	2481
9346	2482
9729	2483
5142	2484
4610	2485
2522	2486
7873	2487
7057	2488
2777	2489
5415	2490
7452	2491
7706	2492
8987	2493
8341	2494
8346	2495
7645	2496
756	2497
2165	2498
8620	2499
7411	2500
3989	2501
2952	2502
6610	2503
8352	2504
8098	2505
3334	2506
8262	2507
3709	2508
200	2509
5447	2510
5768	2511
4164	2512
3141	2513
3964	2514
1737	2515
4081	2516
5520	2517
5462	2518
39	2519
8238	2520
8939	2521
7980	2522
409	2523
2254	2524
7768	2525
4689	2526
7355	2527
9164	2528
2900	2529
191	2530
4551	2531
5211	2532
679	2533
1450	2534
5656	2535
2815	2536
2155	2537
2961	2538
5798	2539
6869	2540
8427	2541
6044	2542
2581	2543
6090	2544
4595	2545
9407	2546
2536	2547
5697	2548
3052	2549
120	2550
5117	2551
1972	2552
7354	2553
1826	2554
6114	2555
403	2556
8579	2557
6272	2558
4886	2559
175	2560
8819	2561
1491	2562
1102	2563
9409	2564
4882	2565
5338	2566
8977	2567
716	2568
7469	2569
4975	2570
63	2571
7884	2572
2787	2573
4184	2574
6317	2575
2790	2576
3139	2577
6313	2578
8338	2579
7599	2580
8876	2581
4583	2582
4881	2583
60	2584
1661	2585
4832	2586
3336	2587
8443	2588
4029	2589
5452	2590
4503	2591
842	2592
5449	2593
5433	2594
5703	2595
5518	2596
3032	2597
7424	2598
9095	2599
8600	2600
9736	2601
3115	2602
7869	2603
5600	2604
2828	2605
196	2606
468	2607
7816	2608
5327	2609
3443	2610
2875	2611
3808	2612
2883	2613
8873	2614
1475	2615
7800	2616
4946	2617
3395	2618
5403	2619
8523	2620
82	2621
234	2622
7789	2623
8131	2624
671	2625
4759	2626
7407	2627
9022	2628
1277	2629
7189	2630
8603	2631
4146	2632
4627	2633
7959	2634
4819	2635
4376	2636
9078	2637
207	2638
3294	2639
687	2640
5726	2641
4874	2642
6944	2643
4307	2644
9600	2645
894	2646
742	2647
1016	2648
4481	2649
5541	2650
7275	2651
8829	2652
4776	2653
683	2654
2769	2655
9111	2656
1251	2657
5495	2658
581	2659
4671	2660
5953	2661
2982	2662
7384	2663
1898	2664
7017	2665
4423	2666
5901	2667
4841	2668
8509	2669
8454	2670
8755	2671
9621	2672
4664	2673
4145	2674
6757	2675
259	2676
2302	2677
3157	2678
6380	2679
6907	2680
3934	2681
5547	2682
5778	2683
9721	2684
5333	2685
5313	2686
5289	2687
949	2688
1542	2689
7700	2690
3472	2691
5407	2692
6796	2693
3596	2694
5247	2695
9726	2696
7917	2697
6387	2698
1553	2699
7494	2700
2496	2701
2304	2702
1490	2703
3798	2704
8745	2705
1686	2706
7432	2707
9521	2708
7743	2709
7576	2710
4629	2711
6378	2712
4846	2713
8399	2714
2193	2715
8587	2716
5678	2717
2460	2718
5343	2719
7963	2720
7590	2721
4526	2722
2881	2723
8626	2724
5944	2725
2102	2726
328	2727
506	2728
80	2729
3104	2730
5066	2731
3167	2732
3062	2733
1198	2734
1117	2735
9066	2736
335	2737
8680	2738
5688	2739
4568	2740
8397	2741
864	2742
2275	2743
6563	2744
787	2745
3358	2746
4713	2747
7548	2748
4967	2749
359	2750
6546	2751
5596	2752
649	2753
4765	2754
9463	2755
596	2756
4174	2757
470	2758
8417	2759
235	2760
340	2761
4259	2762
857	2763
673	2764
65	2765
4858	2766
5352	2767
5610	2768
4977	2769
5470	2770
5387	2771
8133	2772
9482	2773
7621	2774
3338	2775
8520	2776
840	2777
2346	2778
7223	2779
3178	2780
2367	2781
1033	2782
30	2783
2104	2784
8512	2785
9486	2786
8001	2787
1442	2788
1787	2789
9000	2790
8986	2791
1086	2792
6631	2793
5240	2794
1979	2795
902	2796
2631	2797
316	2798
7234	2799
831	2800
7749	2801
5191	2802
2766	2803
2291	2804
8862	2805
208	2806
4667	2807
6921	2808
5152	2809
2884	2810
1064	2811
1406	2812
8263	2813
1018	2814
625	2815
2024	2816
6664	2817
8462	2818
3683	2819
1143	2820
9617	2821
9217	2822
4909	2823
6801	2824
1837	2825
195	2826
5539	2827
9105	2828
7952	2829
4774	2830
9674	2831
5198	2832
4929	2833
5054	2834
9548	2835
9018	2836
7950	2837
7924	2838
8719	2839
6935	2840
4611	2841
1115	2842
4683	2843
5999	2844
5526	2845
3518	2846
888	2847
9415	2848
4982	2849
6600	2850
4467	2851
3778	2852
5376	2853
4926	2854
2364	2855
3494	2856
6116	2857
1334	2858
1966	2859
5902	2860
7389	2861
8916	2862
68	2863
8096	2864
4338	2865
4434	2866
7999	2867
8678	2868
132	2869
3549	2870
585	2871
4644	2872
1997	2873
2535	2874
5314	2875
1667	2876
24	2877
291	2878
209	2879
2653	2880
4861	2881
3946	2882
4901	2883
9375	2884
6659	2885
2219	2886
8006	2887
8844	2888
8332	2889
1257	2890
22	2891
4122	2892
2525	2893
2701	2894
1650	2895
7142	2896
1632	2897
1664	2898
7408	2899
1395	2900
7190	2901
7640	2902
7325	2903
5364	2904
2892	2905
47	2906
7230	2907
3899	2908
5026	2909
5027	2910
8786	2911
1387	2912
3835	2913
4613	2914
2912	2915
7198	2916
3961	2917
930	2918
7138	2919
6678	2920
6463	2921
4054	2922
1736	2923
4923	2924
7156	2925
3913	2926
5028	2927
5145	2928
6798	2929
6227	2930
309	2931
3238	2932
2463	2933
6148	2934
161	2935
7541	2936
1070	2937
363	2938
7183	2939
8548	2940
4767	2941
9223	2942
8390	2943
3933	2944
7746	2945
3771	2946
5598	2947
1504	2948
4961	2949
5459	2950
8775	2951
3039	2952
2704	2953
1120	2954
1363	2955
1020	2956
2428	2957
1575	2958
4565	2959
3485	2960
6242	2961
590	2962
2555	2963
2148	2964
7962	2965
9590	2966
9582	2967
6215	2968
3531	2969
1705	2970
1080	2971
6656	2972
4782	2973
8273	2974
5964	2975
5334	2976
1211	2977
622	2978
9626	2979
7448	2980
4328	2981
1266	2982
7888	2983
2962	2984
8122	2985
5823	2986
4355	2987
288	2988
8103	2989
2246	2990
179	2991
3589	2992
6043	2993
1552	2994
9229	2995
5613	2996
860	2997
138	2998
4287	2999
9088	3000
1807	3001
8319	3002
7058	3003
137	3004
8201	3005
3679	3006
8858	3007
8805	3008
6637	3009
1555	3010
4200	3011
6094	3012
5952	3013
6368	3014
3094	3015
6682	3016
3917	3017
631	3018
6188	3019
2466	3020
4778	3021
795	3022
7050	3023
8296	3024
1991	3025
8396	3026
6441	3027
2128	3028
4529	3029
943	3030
380	3031
164	3032
8035	3033
3014	3034
1521	3035
7658	3036
3505	3037
3606	3038
1803	3039
2005	3040
8736	3041
282	3042
2376	3043
4232	3044
2843	3045
1968	3046
7708	3047
1846	3048
6566	3049
8865	3050
8958	3051
5413	3052
4645	3053
5450	3054
1562	3055
4576	3056
9292	3057
2972	3058
6140	3059
2658	3060
3881	3061
3030	3062
5996	3063
6995	3064
1977	3065
4712	3066
6241	3067
4431	3068
5514	3069
8617	3070
8815	3071
9566	3072
8050	3073
8137	3074
4193	3075
4747	3076
4212	3077
3869	3078
5394	3079
1637	3080
2893	3081
7316	3082
2635	3083
3670	3084
7417	3085
5577	3086
1335	3087
4543	3088
8970	3089
4648	3090
2559	3091
5103	3092
9142	3093
4358	3094
1389	3095
9519	3096
7722	3097
318	3098
1337	3099
2280	3100
7478	3101
5	3102
8109	3103
7348	3104
1025	3105
9400	3106
6336	3107
5728	3108
8465	3109
1452	3110
7665	3111
6747	3112
5385	3113
3038	3114
6208	3115
13	3116
5443	3117
4471	3118
577	3119
1338	3120
30	3121
2442	3122
1370	3123
6881	3124
8505	3125
5217	3126
74	3127
8874	3128
4048	3129
7618	3130
8160	3131
1719	3132
5092	3133
4793	3134
150	3135
2445	3136
6684	3137
4602	3138
1372	3139
7174	3140
1998	3141
6849	3142
124	3143
2244	3144
872	3145
3810	3146
5172	3147
4880	3148
2326	3149
2169	3150
1175	3151
7651	3152
8086	3153
4838	3154
4550	3155
6469	3156
4234	3157
1023	3158
7191	3159
360	3160
953	3161
1685	3162
7514	3163
7896	3164
4505	3165
4403	3166
3526	3167
1726	3168
3040	3169
9537	3170
7565	3171
7299	3172
4214	3173
2057	3174
293	3175
2557	3176
1713	3177
4662	3178
2007	3179
971	3180
6614	3181
5560	3182
8246	3183
9010	3184
2365	3185
3231	3186
7646	3187
116	3188
7550	3189
5800	3190
6704	3191
1127	3192
5533	3193
7943	3194
1262	3195
4848	3196
3951	3197
8530	3198
141	3199
1739	3200
650	3201
28	3202
6709	3203
2182	3204
6848	3205
8655	3206
5318	3207
5474	3208
8355	3209
3018	3210
1700	3211
5479	3212
7871	3213
1145	3214
5451	3215
5315	3216
1210	3217
9124	3218
5220	3219
6364	3220
102	3221
295	3222
850	3223
1825	3224
5310	3225
5102	3226
3839	3227
7991	3228
2610	3229
7379	3230
9711	3231
2660	3232
4600	3233
106	3234
7549	3235
3401	3236
3912	3237
1187	3238
3459	3239
6323	3240
3821	3241
1558	3242
8643	3243
6488	3244
5899	3245
440	3246
4533	3247
2573	3248
884	3249
206	3250
4111	3251
5079	3252
7431	3253
77	3254
228	3255
9279	3256
9155	3257
1213	3258
5607	3259
1738	3260
4843	3261
7589	3262
6199	3263
5460	3264
1034	3265
7208	3266
528	3267
9254	3268
954	3269
3574	3270
6541	3271
8927	3272
5195	3273
7293	3274
9751	3275
4825	3276
893	3277
7154	3278
170	3279
3619	3280
6531	3281
3128	3282
8973	3283
5248	3284
3377	3285
6688	3286
5880	3287
2040	3288
8326	3289
6499	3290
280	3291
7126	3292
2321	3293
1823	3294
4181	3295
4125	3296
8180	3297
6920	3298
4443	3299
9718	3300
2476	3301
5540	3302
1882	3303
9034	3304
1955	3305
7158	3306
4760	3307
6228	3308
4001	3309
5180	3310
1993	3311
8071	3312
4133	3313
1052	3314
4639	3315
1384	3316
6833	3317
5630	3318
6266	3319
3995	3320
6835	3321
5743	3322
4486	3323
6551	3324
8440	3325
7465	3326
4764	3327
9286	3328
7803	3329
7653	3330
3267	3331
6298	3332
9310	3333
1746	3334
3247	3335
6692	3336
8453	3337
8020	3338
501	3339
1455	3340
2858	3341
9007	3342
3399	3343
5184	3344
7562	3345
2306	3346
1835	3347
6029	3348
9371	3349
2928	3350
4293	3351
4619	3352
732	3353
5652	3354
5927	3355
1347	3356
2485	3357
343	3358
9633	3359
9085	3360
3705	3361
3905	3362
9503	3363
6991	3364
4850	3365
5397	3366
4010	3367
9402	3368
4792	3369
3339	3370
7961	3371
364	3372
4487	3373
9453	3374
4941	3375
4815	3376
5828	3377
908	3378
7717	3379
6700	3380
6592	3381
2452	3382
1651	3383
5579	3384
2313	3385
1890	3386
8602	3387
8757	3388
7335	3389
135	3390
6220	3391
4255	3392
2700	3393
2634	3394
2627	3395
5854	3396
6744	3397
9682	3398
5484	3399
8022	3400
6633	3401
9455	3402
8219	3403
7224	3404
6149	3405
410	3406
7180	3407
3986	3408
451	3409
9097	3410
37	3411
2267	3412
7392	3413
1405	3414
6054	3415
7062	3416
2718	3417
8781	3418
154	3419
7826	3420
7102	3421
7933	3422
2249	3423
3341	3424
8062	3425
1606	3426
7809	3427
4704	3428
5816	3429
9029	3430
7794	3431
7458	3432
9051	3433
5680	3434
1082	3435
5537	3436
6708	3437
8234	3438
7585	3439
7617	3440
3391	3441
3529	3442
6135	3443
2235	3444
9687	3445
9388	3446
2127	3447
74	3448
5788	3449
2677	3450
7276	3451
6362	3452
361	3453
6679	3454
8773	3455
5641	3456
1254	3457
8803	3458
8266	3459
2747	3460
5411	3461
5149	3462
4224	3463
4932	3464
6331	3465
136	3466
3871	3467
5813	3468
6028	3469
5858	3470
5731	3471
733	3472
3623	3473
5648	3474
3799	3475
7636	3476
6959	3477
5009	3478
125	3479
7390	3480
4247	3481
2	3482
4746	3483
4412	3484
5439	3485
157	3486
6617	3487
7222	3488
4484	3489
8878	3490
5965	3491
9021	3492
2584	3493
1592	3494
8613	3495
2012	3496
7501	3497
6792	3498
2471	3499
366	3500
1234	3501
2783	3502
1105	3503
4854	3504
3015	3505
2392	3506
6591	3507
6725	3508
5569	3509
1190	3510
551	3511
3784	3512
9138	3513
9374	3514
6205	3515
3135	3516
261	3517
7583	3518
3357	3519
4161	3520
8331	3521
2715	3522
8688	3523
8675	3524
8146	3525
5628	3526
9213	3527
992	3528
8664	3529
2386	3530
785	3531
1940	3532
1468	3533
7761	3534
3761	3535
728	3536
6660	3537
2966	3538
4191	3539
2514	3540
6900	3541
7405	3542
7337	3543
4223	3544
7041	3545
2983	3546
3920	3547
412	3548
1084	3549
6015	3550
13	3551
6112	3552
4361	3553
723	3554
2596	3555
218	3556
4914	3557
8935	3558
2614	3559
3983	3560
3577	3561
3957	3562
9586	3563
8795	3564
1662	3565
6224	3566
4789	3567
2016	3568
27	3569
9278	3570
9125	3571
3984	3572
2	3573
8998	3574
8993	3575
9038	3576
8393	3577
5659	3578
4706	3579
9670	3580
7597	3581
600	3582
2315	3583
5035	3584
5177	3585
6698	3586
8181	3587
7525	3588
139	3589
3702	3590
8856	3591
2085	3592
6095	3593
2426	3594
5087	3595
6827	3596
6868	3597
5503	3598
6410	3599
5522	3600
5146	3601
6007	3602
320	3603
4230	3604
2803	3605
5244	3606
2268	3607
2294	3608
7663	3609
3592	3610
2439	3611
6793	3612
762	3613
3372	3614
401	3615
8448	3616
4604	3617
5235	3618
4154	3619
9426	3620
4574	3621
4262	3622
9344	3623
6329	3624
1289	3625
4468	3626
3969	3627
6226	3628
4479	3629
9204	3630
4402	3631
2563	3632
4990	3633
5262	3634
4114	3635
4270	3636
5851	3637
5329	3638
5057	3639
1381	3640
2508	3641
5112	3642
4353	3643
1578	3644
3319	3645
9427	3646
8789	3647
7720	3648
51	3649
2620	3650
2661	3651
1112	3652
4033	3653
5148	3654
5914	3655
5765	3656
2090	3657
4609	3658
8141	3659
4058	3660
7762	3661
2759	3662
1851	3663
8363	3664
100	3665
94	3666
8116	3667
3458	3668
3073	3669
3520	3670
2868	3671
4211	3672
2725	3673
1598	3674
5900	3675
5961	3676
8145	3677
5587	3678
9330	3679
4449	3680
6760	3681
2046	3682
1786	3683
1427	3684
8832	3685
8223	3686
2752	3687
6460	3688
8541	3689
6887	3690
6203	3691
8547	3692
6806	3693
9493	3694
1741	3695
4752	3696
8321	3697
6767	3698
9249	3699
5023	3700
6939	3701
1457	3702
5076	3703
2705	3704
4766	3705
1002	3706
726	3707
449	3708
197	3709
7200	3710
93	3711
204	3712
1983	3713
1419	3714
5822	3715
5563	3716
6026	3717
6981	3718
4491	3719
580	3720
5869	3721
1986	3722
4279	3723
2449	3724
4	3725
3547	3726
1752	3727
6113	3728
5201	3729
8837	3730
4215	3731
351	3732
8028	3733
4965	3734
9386	3735
1139	3736
593	3737
6193	3738
2431	3739
2967	3740
782	3741
8566	3742
4715	3743
2116	3744
847	3745
7252	3746
2473	3747
1089	3748
3640	3749
6550	3750
6895	3751
9053	3752
1274	3753
2633	3754
2657	3755
6783	3756
6843	3757
3684	3758
7630	3759
3271	3760
2863	3761
6129	3762
3942	3763
1479	3764
5128	3765
5093	3766
817	3767
1183	3768
7129	3769
8528	3770
140	3771
8365	3772
1671	3773
2733	3774
7542	3775
6864	3776
2285	3777
937	3778
1285	3779
8831	3780
7534	3781
5985	3782
8093	3783
1113	3784
376	3785
1330	3786
769	3787
3007	3788
729	3789
7211	3790
5832	3791
1242	3792
4897	3793
9174	3794
8696	3795
7849	3796
7034	3797
8921	3798
9319	3799
5989	3800
6569	3801
9645	3802
8872	3803
5594	3804
5708	3805
4413	3806
4541	3807
4536	3808
4494	3809
6817	3810
6424	3811
638	3812
2691	3813
8212	3814
1572	3815
6083	3816
6202	3817
6084	3818
6192	3819
6932	3820
192	3821
6733	3822
2663	3823
4311	3824
9237	3825
8251	3826
4994	3827
636	3828
3107	3829
9307	3830
9678	3831
4693	3832
2849	3833
6996	3834
2123	3835
4382	3836
9013	3837
5206	3838
7026	3839
4580	3840
7233	3841
7889	3842
6125	3843
5104	3844
3803	3845
2576	3846
3503	3847
4242	3848
5804	3849
3594	3850
5575	3851
3105	3852
9222	3853
8645	3854
9	3855
3632	3856
9228	3857
6053	3858
1760	3859
9119	3860
1762	3861
5311	3862
8208	3863
977	3864
6216	3865
1303	3866
4937	3867
2724	3868
1307	3869
2656	3870
4717	3871
4567	3872
4532	3873
6908	3874
3028	3875
3599	3876
7735	3877
5776	3878
7495	3879
6845	3880
5337	3881
2519	3882
3927	3883
1962	3884
6530	3885
5434	3886
79	3887
2143	3888
1804	3889
9039	3890
4078	3891
5756	3892
6429	3893
8770	3894
5979	3895
4380	3896
2683	3897
8357	3898
147	3899
3902	3900
6782	3901
8373	3902
8085	3903
4080	3904
2043	3905
9368	3906
1878	3907
6904	3908
3643	3909
1228	3910
1010	3911
9614	3912
1140	3913
1108	3914
4718	3915
5425	3916
4315	3917
4310	3918
8170	3919
4998	3920
3828	3921
4401	3922
165	3923
7685	3924
3224	3925
6587	3926
5361	3927
6524	3928
9666	3929
8051	3930
7423	3931
8806	3932
3368	3933
5110	3934
19	3935
4044	3936
3264	3937
1091	3938
7616	3939
9387	3940
3919	3941
6687	3942
8144	3943
6712	3944
8257	3945
963	3946
3261	3947
955	3948
4312	3949
626	3950
6962	3951
4495	3952
2888	3953
6777	3954
5744	3955
1327	3956
153	3957
5202	3958
4005	3959
7968	3960
4478	3961
4598	3962
3438	3963
4979	3964
4763	3965
9458	3966
9619	3967
5277	3968
5209	3969
219	3970
2603	3971
4002	3972
5524	3973
5230	3974
6050	3975
5424	3976
7828	3977
3148	3978
1982	3979
8724	3980
49	3981
521	3982
3080	3983
193	3984
8534	3985
693	3986
3629	3987
277	3988
6819	3989
2154	3990
2864	3991
6344	3992
7177	3993
2195	3994
3008	3995
8597	3996
16	3997
9227	3998
6715	3999
7637	4000
4740	4001
3686	4002
980	4003
2387	4004
1730	4005
8430	4006
3055	4007
9601	4008
7607	4009
3056	4010
4913	4011
2622	4012
9761	4013
3133	4014
6019	4015
573	4016
8572	4017
8210	4018
3034	4019
8961	4020
8191	4021
4650	4022
1618	4023
5048	4024
5492	4025
4687	4026
2668	4027
7586	4028
1855	4029
1081	4030
8477	4031
4519	4032
7508	4033
4615	4034
2730	4035
2283	4036
2623	4037
6357	4038
2021	4039
6852	4040
7287	4041
3712	4042
58	4043
5945	4044
7155	4045
9252	4046
645	4047
3742	4048
6930	4049
9115	4050
669	4051
5809	4052
2569	4053
1906	4054
4237	4055
3877	4056
5155	4057
9063	4058
4731	4059
283	4060
6209	4061
2325	4062
2854	4063
4284	4064
8594	4065
1099	4066
1751	4067
5506	4068
1754	4069
5193	4070
8291	4071
7388	4072
211	4073
3064	4074
2259	4075
3642	4076
3966	4077
3908	4078
5625	4079
7048	4080
247	4081
4014	4082
3783	4083
3861	4084
6604	4085
4399	4086
3278	4087
15	4088
7684	4089
9327	4090
7564	4091
1847	4092
129	4093
2918	4094
8480	4095
8821	4096
3253	4097
2588	4098
202	4099
373	4100
5885	4101
8929	4102
72	4103
8449	4104
4669	4105
2271	4106
8931	4107
2208	4108
6955	4109
5362	4110
2	4111
8445	4112
6234	4113
9284	4114
4472	4115
1013	4116
6255	4117
9720	4118
4325	4119
1954	4120
2243	4121
7844	4122
6001	4123
7505	4124
4352	4125
6245	4126
7416	4127
6355	4128
1027	4129
7859	4130
5795	4131
5991	4132
9735	4133
1162	4134
3221	4135
7454	4136
6987	4137
2937	4138
6057	4139
4777	4140
4981	4141
9392	4142
5568	4143
9389	4144
746	4145
7994	4146
5124	4147
4896	4148
7374	4149
4400	4150
114	4151
5473	4152
4912	4153
2	4154
6348	4155
5829	4156
6954	4157
7271	4158
7028	4159
6983	4160
3802	4161
3829	4162
5750	4163
1129	4164
8380	4165
214	4166
8376	4167
6859	4168
3317	4169
6498	4170
5502	4171
3565	4172
5182	4173
5121	4174
8800	4175
8265	4176
9442	4177
4558	4178
2185	4179
7146	4180
1593	4181
4544	4182
3088	4183
8403	4184
4992	4185
4917	4186
8817	4187
6636	4188
9651	4189
7528	4190
3732	4191
5619	4192
5928	4193
1412	4194
5519	4195
4231	4196
5602	4197
216	4198
9539	4199
6445	4200
7422	4201
5015	4202
8979	4203
37	4204
2011	4205
9134	4206
8130	4207
9046	4208
5573	4209
6519	4210
5118	4211
2506	4212
6082	4213
5792	4214
5163	4215
2184	4216
614	4217
183	4218
6627	4219
7601	4220
8036	4221
4547	4222
2316	4223
3804	4224
9499	4225
4390	4226
7318	4227
5845	4228
5	4229
7981	4230
8749	4231
6435	4232
7598	4233
2659	4234
2366	4235
9577	4236
2814	4237
8439	4238
1563	4239
5294	4240
1857	4241
7894	4242
3301	4243
6654	4244
5846	4245
8830	4246
9035	4247
4564	4248
741	4249
7132	4250
1304	4251
4888	4252
5144	4253
7697	4254
6285	4255
7533	4256
7305	4257
4674	4258
2970	4259
549	4260
62	4261
6408	4262
4388	4263
5372	4264
9354	4265
5300	4266
9352	4267
8507	4268
2906	4269
5787	4270
6253	4271
8954	4272
2546	4273
5695	4274
1376	4275
7468	4276
1679	4277
4601	4278
4790	4279
5175	4280
6814	4281
4842	4282
67	4283
9057	4284
144	4285
8252	4286
3880	4287
5304	4288
7951	4289
8813	4290
4928	4291
4218	4292
961	4293
8947	4294
1800	4295
3557	4296
215	4297
7834	4298
3215	4299
1788	4300
938	4301
9224	4302
4129	4303
620	4304
7673	4305
7442	4306
4051	4307
3053	4308
4273	4309
5585	4310
8426	4311
2925	4312
2251	4313
3884	4314
9393	4315
8196	4316
2639	4317
1947	4318
6669	4319
5958	4320
177	4321
4458	4322
1758	4323
8570	4324
4127	4325
7795	4326
1028	4327
4910	4328
2528	4329
5183	4330
6403	4331
2213	4332
757	4333
108	4334
3865	4335
5081	4336
8450	4337
5567	4338
6937	4339
3066	4340
5766	4341
765	4342
202	4343
8469	4344
2685	4345
2290	4346
2079	4347
9087	4348
6790	4349
6036	4350
8125	4351
1915	4352
1711	4353
6184	4354
4668	4355
9170	4356
7757	4357
8333	4358
5527	4359
2014	4360
3621	4361
2570	4362
8451	4363
199	4364
3362	4365
1867	4366
3060	4367
9668	4368
3291	4369
3883	4370
92	4371
7662	4372
1212	4373
9429	4374
6417	4375
1896	4376
575	4377
2141	4378
4337	4379
3330	4380
6052	4381
8230	4382
2650	4383
443	4384
5554	4385
5638	4386
3387	4387
6691	4388
5279	4389
3328	4390
5716	4391
3126	4392
4953	4393
778	4394
8976	4395
3017	4396
524	4397
481	4398
267	4399
1791	4400
2296	4401
8094	4402
6557	4403
8714	4404
7837	4405
2207	4406
8543	4407
7775	4408
973	4409
9595	4410
9488	4411
8135	4412
7874	4413
484	4414
3763	4415
5974	4416
933	4417
6909	4418
518	4419
6032	4420
5263	4421
62	4422
4753	4423
3774	4424
4163	4425
7723	4426
7572	4427
3760	4428
7300	4429
8601	4430
1980	4431
774	4432
76	4433
1585	4434
713	4435
6748	4436
1790	4437
1832	4438
9450	4439
4079	4440
2474	4441
3177	4442
7625	4443
2147	4444
3968	4445
5745	4446
146	4447
6091	4448
9514	4449
8007	4450
7567	4451
8964	4452
2897	4453
8276	4454
2019	4455
2202	4456
6940	4457
6068	4458
6377	4459
4959	4460
418	4461
36	4462
8010	4463
2771	4464
317	4465
9673	4466
7301	4467
9161	4468
6556	4469
4787	4470
4724	4471
3564	4472
38	4473
25	4474
230	4475
5341	4476
2140	4477
6284	4478
5861	4479
1229	4480
157	4481
4887	4482
7784	4483
4349	4484
1561	4485
6978	4486
101	4487
9349	4488
2797	4489
4110	4490
5673	4491
3602	4492
3945	4493
4330	4494
2710	4495
813	4496
4944	4497
40	4498
6484	4499
9481	4500
5686	4501
641	4502
6496	4503
5494	4504
2274	4505
1789	4506
6765	4507
8826	4508
5755	4509
1682	4510
5895	4511
3077	4512
9467	4513
7792	4514
4755	4515
8343	4516
4227	4517
6047	4518
1014	4519
7206	4520
1879	4521
8032	4522
2284	4523
6328	4524
7192	4525
9747	4526
1204	4527
2342	4528
1247	4529
5850	4530
7682	4531
111	4532
8494	4533
9245	4534
9336	4535
4725	4536
4241	4537
2619	4538
5588	4539
1150	4540
9369	4541
4824	4542
9454	4543
4057	4544
8866	4545
184	4546
7554	4547
5980	4548
4805	4549
7753	4550
125	4551
4791	4552
2693	4553
2301	4554
2654	4555
7481	4556
8306	4557
1876	4558
5561	4559
9422	4560
7692	4561
7279	4562
69	4563
9416	4564
608	4565
9495	4566
9068	4567
1174	4568
1648	4569
8646	4570
3009	4571
711	4572
313	4573
655	4574
9522	4575
5252	4576
2389	4577
5053	4578
5082	4579
7798	4580
7838	4581
8515	4582
8917	4583
287	4584
1156	4585
1874	4586
1873	4587
1103	4588
2592	4589
7810	4590
4500	4591
6873	4592
1814	4593
5143	4594
6505	4595
8887	4596
3150	4597
2398	4598
6648	4599
1903	4600
308	4601
8797	4602
4160	4603
7577	4604
6312	4605
5748	4606
656	4607
9324	4608
5309	4609
2720	4610
3477	4611
9	4612
4651	4613
2554	4614
5558	4615
8415	4616
9341	4617
7148	4618
8359	4619
9506	4620
1523	4621
6322	4622
5884	4623
4396	4624
8764	4625
3572	4626
8659	4627
8255	4628
2621	4629
8994	4630
2577	4631
1571	4632
7786	4633
6689	4634
5231	4635
8168	4636
9225	4637
6190	4638
880	4639
1130	4640
7986	4641
5936	4642
2129	4643
6494	4644
6330	4645
5555	4646
5732	4647
8533	4648
2160	4649
487	4650
7522	4651
6447	4652
73	4653
3108	4654
7063	4655
8698	4656
5546	4657
7926	4658
3669	4659
2816	4660
9523	4661
4989	4662
9276	4663
8883	4664
9507	4665
9502	4666
5930	4667
3918	4668
4105	4669
2823	4670
19	4671
2716	4672
1225	4673
6439	4674
7079	4675
8653	4676
948	4677
4260	4678
1526	4679
6018	4680
4969	4681
6579	4682
1546	4683
7179	4684
7322	4685
145	4686
1329	4687
5876	4688
2407	4689
1616	4690
1124	4691
3952	4692
5055	4693
7715	4694
1549	4695
70	4696
58	4697
9686	4698
8771	4699
9531	4700
3598	4701
1430	4702
2606	4703
6350	4704
7436	4705
4446	4706
68	4707
7643	4708
3633	4709
6127	4710
6198	4711
7958	4712
4748	4713
599	4714
9591	4715
2087	4716
2772	4717
8563	4718
233	4719
2632	4720
3931	4721
6628	4722
8692	4723
6409	4724
2861	4725
6914	4726
6437	4727
5932	4728
5908	4729
5090	4730
5769	4731
2802	4732
2017	4733
6820	4734
9302	4735
8838	4736
2597	4737
5793	4738
1071	4739
1054	4740
7573	4741
2424	4742
1768	4743
441	4744
3344	4745
8778	4746
4675	4747
4304	4748
389	4749
8016	4750
6695	4751
9280	4752
8158	4753
2936	4754
8398	4755
925	4756
8562	4757
2465	4758
3800	4759
808	4760
5410	4761
7604	4762
4709	4763
6141	4764
486	4765
1766	4766
1721	4767
1032	4768
5920	4769
3428	4770
8556	4771
3349	4772
2055	4773
5819	4774
9073	4775
8221	4776
8004	4777
299	4778
1498	4779
4131	4780
4728	4781
6372	4782
7381	4783
95	4784
5777	4785
2018	4786
4000	4787
5523	4788
1116	4789
2495	4790
2629	4791
237	4792
6398	4793
9530	4794
8479	4795
9271	4796
7718	4797
6142	4798
205	4799
150	4800
3316	4801
5319	4802
4879	4803
7807	4804
5036	4805
3735	4806
8034	4807
5835	4808
6086	4809
5616	4810
1361	4811
2642	4812
4171	4813
6080	4814
2547	4815
297	4816
6139	4817
9163	4818
7470	4819
5032	4820
3303	4821
6743	4822
5472	4823
7475	4824
3901	4825
2311	4826
2192	4827
8226	4828
6722	4829
181	4830
6012	4831
8863	4832
9294	4833
109	4834
207	4835
1451	4836
4509	4837
3486	4838
2369	4839
3430	4840
4865	4841
476	4842
6363	4843
3426	4844
1994	4845
6022	4846
6495	4847
1780	4848
2727	4849
2060	4850
1951	4851
4855	4852
3353	4853
8496	4854
7701	4855
6958	4856
2334	4857
3741	4858
9762	4859
5162	4860
3152	4861
4124	4862
7098	4863
23	4864
176	4865
1802	4866
8295	4867
9570	4868
8737	4869
6553	4870
4807	4871
7097	4872
5604	4873
4852	4874
7745	4875
8429	4876
2921	4877
2558	4878
9169	4879
1319	4880
4072	4881
5715	4882
2511	4883
825	4884
3636	4885
8031	4886
5012	4887
394	4888
5709	4889
547	4890
2000	4891
7061	4892
4156	4893
2676	4894
4773	4895
4921	4896
4198	4897
4560	4898
5322	4899
6454	4900
7799	4901
8069	4902
686	4903
7054	4904
148	4905
6718	4906
273	4907
2885	4908
7847	4909
495	4910
4213	4911
4672	4912
189	4913
7466	4914
9370	4915
1528	4916
2098	4917
3119	4918
5224	4919
8886	4920
1776	4921
8008	4922
8464	4923
5267	4924
2880	4925
2403	4926
2409	4927
836	4928
9285	4929
3019	4930
3079	4931
505	4932
710	4933
2909	4934
7825	4935
7610	4936
6085	4937
4003	4938
659	4939
80	4940
2373	4941
1015	4942
8759	4943
9248	4944
6338	4945
5790	4946
4856	4947
9628	4948
8741	4949
9265	4950
2458	4951
8729	4952
5957	4953
1480	4954
5632	4955
7093	4956
5700	4957
719	4958
1795	4959
5044	4960
1574	4961
9015	4962
1594	4963
3888	4964
5500	4965
3890	4966
6118	4967
4972	4968
6916	4969
6419	4970
7151	4971
8054	4972
1900	4973
2390	4974
7521	4975
8481	4976
4416	4977
6179	4978
6813	4979
2902	4980
7204	4981
7488	4982
3234	4983
187	4984
9758	4985
2938	4986
7365	4987
6615	4988
665	4989
1544	4990
4085	4991
2915	4992
5862	4993
8320	4994
6540	4995
4188	4996
3675	4997
6128	4998
368	4999
6527	5000
3764	5001
6	5002
1722	5003
2026	5004
1192	5005
7681	5006
8557	5007
7039	5008
2755	5009
7433	5010
1733	5011
1595	5012
5297	5013
881	5014
5512	5015
3932	5016
8281	5017
2479	5018
2448	5019
8892	5020
9610	5021
1309	5022
2418	5023
339	5024
7633	5025
289	5026
8110	5027
8607	5028
6341	5029
9764	5030
450	5031
4885	5032
20	5033
5399	5034
1322	5035
8272	5036
8793	5037
5268	5038
1079	5039
8514	5040
5167	5041
1355	5042
5383	5043
6533	5044
9661	5045
8681	5046
4018	5047
6347	5048
4566	5049
5077	5050
1654	5051
7297	5052
3819	5053
8353	5054
2126	5055
2687	5056
1922	5057
2337	5058
6599	5059
6559	5060
4823	5061
1912	5062
8316	5063
1764	5064
2958	5065
2073	5066
9605	5067
6970	5068
9277	5069
2976	5070
3295	5071
1850	5072
1956	5073
8937	5074
5650	5075
458	5076
8492	5077
4554	5078
5331	5079
2985	5080
3044	5081
1773	5082
2131	5083
8589	5084
8900	5085
2520	5086
714	5087
4502	5088
4035	5089
4907	5090
2539	5091
2015	5092
6510	5093
1360	5094
7329	5095
5736	5096
8818	5097
7009	5098
4298	5099
3012	5100
3373	5101
13	5102
6420	5103
7631	5104
5461	5105
3677	5106
4821	5107
6126	5108
7773	5109
9456	5110
2973	5111
2391	5112
4772	5113
6491	5114
7277	5115
4271	5116
4187	5117
3699	5118
1315	5119
6376	5120
3879	5121
5281	5122
3553	5123
6300	5124
375	5125
996	5126
5402	5127
3911	5128
5983	5129
1533	5130
1960	5131
182	5132
1565	5133
4060	5134
3213	5135
8836	5136
5475	5137
3703	5138
4945	5139
4447	5140
2151	5141
7135	5142
8392	5143
7778	5144
3508	5145
4588	5146
3479	5147
156	5148
2977	5149
374	5150
112	5151
5078	5152
5059	5153
8438	5154
9250	5155
7988	5156
1293	5157
5803	5158
3582	5159
9540	5160
1184	5161
9528	5162
2348	5163
7582	5164
7064	5165
8963	5166
6502	5167
4559	5168
127	5169
3313	5170
8115	5171
7532	5172
3037	5173
7975	5174
9377	5175
6851	5176
4104	5177
1568	5178
1630	5179
3977	5180
4894	5181
4788	5182
2945	5183
9440	5184
4291	5185
5872	5186
6680	5187
2609	5188
2245	5189
2082	5190
5342	5191
3737	5192
3033	5193
3661	5194
6583	5195
5430	5196
4591	5197
3539	5198
4324	5199
6230	5200
82	5201
6844	5202
4397	5203
3112	5204
2262	5205
2071	5206
2618	5207
6699	5208
455	5209
1969	5210
5542	5211
7023	5212
7570	5213
8065	5214
7956	5215
1356	5216
1589	5217
244	5218
3326	5219
8784	5220
5109	5221
6064	5222
1525	5223
348	5224
1249	5225
151	5226
6828	5227
4345	5228
4331	5229
1996	5230
6464	5231
2666	5232
2775	5233
3002	5234
3447	5235
3232	5236
3609	5237
8762	5238
6412	5239
5050	5240
5968	5241
7397	5242
1663	5243
9143	5244
7150	5245
793	5246
9397	5247
5232	5248
7352	5249
3701	5250
1849	5251
8928	5252
396	5253
7281	5254
1240	5255
9695	5256
5893	5257
9211	5258
4721	5259
7294	5260
5749	5261
7984	5262
2931	5263
7007	5264
3928	5265
681	5266
256	5267
2188	5268
7862	5269
216	5270
3286	5271
2505	5272
9151	5273
6251	5274
735	5275
5011	5276
1219	5277
751	5278
4633	5279
1652	5280
6841	5281
1061	5282
4404	5283
1126	5284
5476	5285
2475	5286
5274	5287
9312	5288
3499	5289
9098	5290
4269	5291
8099	5292
9559	5293
8558	5294
3935	5295
6726	5296
6486	5297
1284	5298
4711	5299
9501	5300
8011	5301
5924	5302
2001	5303
3744	5304
91	5305
4192	5306
9435	5307
2440	5308
56	5309
8889	5310
5734	5311
9737	5312
9044	5313
5498	5314
5866	5315
8950	5316
7441	5317
3186	5318
4722	5319
7563	5320
2198	5321
7811	5322
8410	5323
1137	5324
5910	5325
6899	5326
7504	5327
4275	5328
109	5329
3849	5330
2053	5331
3854	5332
1194	5333
5635	5334
2722	5335
6485	5336
1476	5337
6374	5338
5592	5339
6504	5340
9639	5341
8641	5342
1368	5343
8839	5344
7113	5345
1828	5346
699	5347
780	5348
5890	5349
7827	5350
8605	5351
3534	5352
3386	5353
29	5354
4039	5355
4538	5356
9655	5357
7119	5358
1925	5359
7995	5360
9567	5361
9	5362
2655	5363
5646	5364
9743	5365
9632	5366
890	5367
6152	5368
5153	5369
7602	5370
7013	5371
6803	5372
5136	5373
5543	5374
986	5375
4951	5376
1824	5377
3719	5378
7343	5379
701	5380
4895	5381
4933	5382
6923	5383
7127	5384
269	5385
5170	5386
517	5387
2706	5388
4878	5389
2404	5390
2943	5391
811	5392
3465	5393
7168	5394
2069	5395
4134	5396
7711	5397
5805	5398
1924	5399
4066	5400
6305	5401
1602	5402
4513	5403
2896	5404
1604	5405
8087	5406
1505	5407
2741	5408
3204	5409
9263	5410
3796	5411
3704	5412
110	5413
1880	5414
7350	5415
6176	5416
5129	5417
8081	5418
5685	5419
1271	5420
2061	5421
9671	5422
1584	5423
8330	5424
135	5425
8179	5426
6483	5427
6339	5428
4624	5429
6169	5430
3512	5431
4847	5432
6584	5433
1570	5434
3990	5435
510	5436
9483	5437
325	5438
4454	5439
7435	5440
7498	5441
7854	5442
941	5443
3342	5444
791	5445
1794	5446
6092	5447
253	5448
8622	5449
4009	5450
5647	5451
3273	5452
7226	5453
7500	5454
2940	5455
3246	5456
7181	5457
7067	5458
4055	5459
852	5460
7196	5461
1833	5462
3468	5463
1276	5464
5529	5465
456	5466
3302	5467
8669	5468
1467	5469
7241	5470
2699	5471
3753	5472
2589	5473
2711	5474
7152	5475
8350	5476
426	5477
3131	5478
8404	5479
3444	5480
1770	5481
8044	5482
846	5483
127	5484
8474	5485
9230	5486
6650	5487
4590	5488
909	5489
6027	5490
568	5491
6352	5492
166	5493
3939	5494
8790	5495
5100	5496
70	5497
8648	5498
6279	5499
2567	5500
7330	5501
6823	5502
9434	5503
6573	5504
8506	5505
8635	5506
995	5507
1409	5508
7406	5509
4359	5510
8079	5511
1494	5512
5505	5513
4306	5514
7997	5515
2580	5516
4203	5517
39	5518
7769	5519
408	5520
4209	5521
6824	5522
9110	5523
7747	5524
6516	5525
7506	5526
4677	5527
7865	5528
682	5529
404	5530
8920	5531
1777	5532
2923	5533
4616	5534
7184	5535
3906	5536
7946	5537
9251	5538
9696	5539
1586	5540
1599	5541
5981	5542
8425	5543
1253	5544
2117	5545
2939	5546
6882	5547
3834	5548
5870	5549
9650	5550
629	5551
41	5552
6379	5553
4296	5554
7404	5555
2080	5556
2077	5557
1821	5558
1981	5559
2587	5560
5783	5561
3085	5562
8250	5563
6166	5564
8809	5565
3025	5566
3692	5567
5192	5568
6913	5569
1723	5570
7987	5571
2483	5572
2851	5573
6010	5574
5791	5575
5779	5576
4208	5577
9253	5578
8299	5579
2044	5580
8531	5581
402	5582
8828	5583
873	5584
2136	5585
7260	5586
9139	5587
1203	5588
7690	5589
3773	5590
8575	5591
8752	5592
6438	5593
7683	5594
5977	5595
803	5596
6283	5597
5084	5598
2512	5599
8239	5600
4070	5601
6246	5602
148	5603
8561	5604
5005	5605
5330	5606
4266	5607
9353	5608
2287	5609
107	5610
1691	5611
6291	5612
9395	5613
8005	5614
7092	5615
8702	5616
5810	5617
6258	5618
2515	5619
2379	5620
367	5621
2484	5622
4570	5623
2549	5624
7307	5625
242	5626
7440	5627
6561	5628
8860	5629
9290	5630
9541	5631
5308	5632
163	5633
1672	5634
1641	5635
749	5636
5943	5637
7272	5638
126	5639
3378	5640
6316	5641
3978	5642
4286	5643
7455	5644
4535	5645
330	5646
1639	5647
2582	5648
8457	5649
1131	5650
8554	5651
9694	5652
3045	5653
65	5654
3999	5655
7738	5656
9104	5657
1050	5658
3612	5659
8593	5660
9515	5661
7282	5662
9698	5663
8312	5664
4931	5665
1875	5666
2416	5667
2168	5668
5621	5669
2167	5670
1681	5671
8029	5672
8040	5673
419	5674
3192	5675
3244	5676
8037	5677
4995	5678
8112	5679
182	5680
2105	5681
7089	5682
1340	5683
8167	5684
7096	5685
6481	5686
6931	5687
2782	5688
7614	5689
7123	5690
7940	5691
2791	5692
194	5693
9297	5694
2454	5695
4640	5696
4277	5697
1141	5698
5959	5699
6259	5700
4534	5701
6933	5702
6314	5703
3862	5704
550	5705
8268	5706
4168	5707
8925	5708
9677	5709
6839	5710
1796	5711
5889	5712
6062	5713
6751	5714
2332	5715
8776	5716
8408	5717
4128	5718
8926	5719
3792	5720
2652	5721
6257	5722
848	5723
1352	5724
3070	5725
9318	5726
8280	5727
4421	5728
5559	5729
6528	5730
4844	5731
9365	5732
7914	5733
7370	5734
2729	5735
7939	5736
3138	5737
6694	5738
3091	5739
430	5740
1111	5741
2679	5742
2984	5743
7182	5744
4514	5745
9733	5746
8482	5747
6480	5748
6560	5749
1357	5750
9197	5751
7326	5752
2072	5753
7587	5754
3992	5755
4130	5756
3352	5757
5000	5758
4225	5759
4117	5760
3993	5761
913	5762
722	5763
553	5764
1658	5765
6886	5766
5347	5767
4579	5768
4182	5769
3228	5770
4016	5771
8754	5772
3101	5773
804	5774
5045	5775
4424	5776
9647	5777
6384	5778
8808	5779
4498	5780
5113	5781
6200	5782
7881	5783
46	5784
6990	5785
5605	5786
9552	5787
5123	5788
3519	5789
1974	5790
3208	5791
5874	5792
2916	5793
3805	5794
1083	5795
349	5796
8847	5797
9748	5798
2109	5799
1118	5800
3424	5801
57	5802
6475	5803
1473	5804
4444	5805
9317	5806
7083	5807
9679	5808
347	5809
2595	5810
3098	5811
1005	5812
7012	5813
1569	5814
9588	5815
9526	5816
8545	5817
7666	5818
1945	5819
1250	5820
1731	5821
9084	5822
3682	5823
9077	5824
7163	5825
9343	5826
1926	5827
5396	5828
969	5829
8810	5830
7047	5831
2553	5832
7620	5833
595	5834
7973	5835
7796	5836
6458	5837
6594	5838
7787	5839
1785	5840
104	5841
1932	5842
9689	5843
9730	5844
5243	5845
5633	5846
1645	5847
1359	5848
1852	5849
2905	5850
219	5851
2696	5852
2441	5853
4063	5854
3697	5855
7912	5856
6898	5857
4265	5858
5960	5859
1930	5860
7886	5861
88	5862
6980	5863
9118	5864
6461	5865
824	5866
2058	5867
5278	5868
8491	5869
6657	5870
8508	5871
2689	5872
7531	5873
7538	5874
3498	5875
6667	5876
6453	5877
8024	5878
5466	5879
4911	5880
300	5881
3031	5882
1666	5883
406	5884
6333	5885
6788	5886
7579	5887
8971	5888
6396	5889
3515	5890
1158	5891
6501	5892
8229	5893
740	5894
3270	5895
1255	5896
7078	5897
1872	5898
7334	5899
2067	5900
5384	5901
5323	5902
4119	5903
8111	5904
5422	5905
773	5906
7928	5907
1845	5908
3687	5909
7210	5910
8351	5911
9630	5912
8049	5913
9745	5914
9529	5915
9452	5916
8705	5917
4685	5918
3859	5919
3858	5920
4804	5921
7765	5922
4557	5923
7992	5924
5107	5925
9156	5926
4149	5927
8342	5928
5590	5929
3769	5930
5127	5931
8665	5932
8422	5933
2978	5934
1288	5935
9181	5936
6518	5937
7385	5938
8334	5939
6121	5940
5627	5941
9205	5942
5897	5943
5328	5944
4096	5945
3678	5946
3563	5947
3111	5948
2437	5949
2110	5950
2502	5951
251	5952
2433	5953
9232	5954
5608	5955
8555	5956
1973	5957
88	5958
8460	5959
8269	5960
6993	5961
4826	5962
7902	5963
7341	5964
9607	5965
1894	5966
5480	5967
5208	5968
5271	5969
8222	5970
9122	5971
7339	5972
3646	5973
1164	5974
5140	5975
8278	5976
3827	5977
5913	5978
7793	5979
8436	5980
5640	5981
1462	5982
9587	5983
642	5984
1436	5985
2422	5986
3538	5987
7139	5988
792	5989
3759	5990
7544	5991
6421	5992
213	5993
6548	5994
2139	5995
3793	5996
3416	5997
3660	5998
5029	5999
6781	6000
2461	6001
3423	6002
3397	6003
281	6004
5976	6005
8431	6006
8906	6007
5853	6008
7170	6009
7066	6010
9408	6011
8718	6012
5950	6013
6906	6014
8485	6015
6854	6016
7302	6017
4958	6018
7527	6019
3994	6020
2987	6021
7750	6022
3671	6023
7068	6024
3364	6025
7982	6026
2091	6027
7387	6028
5775	6029
6762	6030
4940	6031
4657	6032
2023	6033
8787	6034
6818	6035
2489	6036
8206	6037
7109	6038
9092	6039
4781	6040
9262	6041
2744	6042
8827	6043
6967	6044
5296	6045
3242	6046
3258	6047
3868	6048
4461	6049
2651	6050
9744	6051
203	6052
8615	6053
8855	6054
3673	6055
7588	6056
7751	6057
1342	6058
3600	6059
6040	6060
4282	6061
2413	6062
781	6063
9592	6064
2491	6065
5229	6066
5275	6067
4860	6068
7911	6069
661	6070
2721	6071
4190	6072
4108	6073
5161	6074
6565	6075
2359	6076
5493	6077
40	6078
3965	6079
1784	6080
1420	6081
753	6082
8432	6083
4531	6084
643	6085
167	6086
3174	6087
5428	6088
5915	6089
7340	6090
6969	6091
2063	6092
6616	6093
9052	6094
4150	6095
9259	6096
185	6097
7724	6098
9525	6099
1684	6100
1298	6101
7040	6102
5095	6103
6173	6104
9708	6105
5401	6106
4120	6107
3243	6108
1734	6109
6260	6110
6834	6111
220	6112
574	6113
5710	6114
5214	6115
9421	6116
6390	6117
7471	6118
1396	6119
4356	6120
6489	6121
9451	6122
9203	6123
8386	6124
2459	6125
9091	6126
7	6127
54	6128
9231	6129
1196	6130
4082	6131
421	6132
4022	6133
7314	6134
788	6135
7938	6136
4170	6137
8300	6138
56	6139
9363	6140
2889	6141
6465	6142
9760	6143
50	6144
1927	6145
2850	6146
6919	6147
6353	6148
5346	6149
115	6150
4118	6151
648	6152
9207	6153
899	6154
8225	6155
3455	6156
5002	6157
1011	6158
9099	6159
7176	6160
3746	6161
3382	6162
1453	6163
9575	6164
5838	6165
7949	6166
6105	6167
9067	6168
2190	6169
84	6170
9266	6171
5477	6172
3136	6173
7255	6174
8513	6175
7107	6176
9477	6177
4599	6178
1379	6179
2444	6180
1928	6181
4180	6182
3041	6183
4830	6184
5378	6185
9403	6186
131	6187
3321	6188
5253	6189
877	6190
493	6191
381	6192
303	6193
504	6194
1934	6195
457	6196
3590	6197
3023	6198
4041	6199
9086	6200
9662	6201
3872	6202
2513	6203
1522	6204
715	6205
2879	6206
1182	6207
1881	6208
766	6209
6613	6210
7732	6211
2383	6212
356	6213
9247	6214
3974	6215
59	6216
5906	6217
2644	6218
6982	6219
1035	6220
1171	6221
3569	6222
4571	6223
1012	6224
5030	6225
1656	6226
8066	6227
516	6228
1343	6229
2399	6230
935	6231
5022	6232
3588	6233
6256	6234
8009	6235
806	6236
3191	6237
5892	6238
2226	6239
9064	6240
4249	6241
31	6242
3376	6243
5550	6244
3289	6245
7639	6246
105	6247
3004	6248
4839	6249
610	6250
105	6251
1564	6252
2612	6253
3552	6254
8640	6255
3067	6256
6070	6257
8820	6258
9478	6259
322	6260
2756	6261
5576	6262
5063	6263
6076	6264
1971	6265
4334	6266
9376	6267
2330	6268
6597	6269
2144	6270
9356	6271
1090	6272
5508	6273
9550	6274
7395	6275
5151	6276
5188	6277
4489	6278
1904	6279
6879	6280
1021	6281
5379	6282
8798	6283
7676	6284
5454	6285
5896	6286
3124	6287
834	6288
529	6289
5733	6290
2133	6291
2130	6292
8785	6293
9448	6294
3388	6295
2299	6296
2340	6297
2920	6298
1757	6299
9644	6300
9646	6301
6822	6302
6157	6303
8329	6304
3075	6305
7947	6306
736	6307
4229	6308
1341	6309
1235	6310
6571	6311
700	6312
4744	6313
6004	6314
5171	6315
8383	6316
8455	6317
5056	6318
3648	6319
3384	6320
4638	6321
8611	6322
2753	6323
3016	6324
5871	6325
6696	6326
6513	6327
5340	6328
3182	6329
2583	6330
6523	6331
178	6332
3205	6333
1280	6334
7853	6335
5003	6336
2264	6337
4530	6338
3487	6339
2070	6340
3838	6341
6172	6342
243	6343
1659	6344
5912	6345
4116	6346
8661	6347
3850	6348
3259	6349
1747	6350
6189	6351
1320	6352
6749	6353
5818	6354
6427	6355
4038	6356
9244	6357
2429	6358
7713	6359
4647	6360
2922	6361
4437	6362
3517	6363
9056	6364
9449	6365
6697	6366
4148	6367
2035	6368
7608	6369
4783	6370
1299	6371
2992	6372
3733	6373
1514	6374
5207	6375
4539	6376
3511	6377
2845	6378
3318	6379
7535	6380
2968	6381
266	6382
6857	6383
2740	6384
3396	6385
8068	6386
1169	6387
6918	6388
7581	6389
826	6390
5657	6391
1484	6392
2808	6393
737	6394
9016	6395
9536	6396
433	6397
6455	6398
8552	6399
1000	6400
3288	6401
7571	6402
5942	6403
186	6404
6146	6405
1939	6406
3275	6407
191	6408
200	6409
4798	6410
6807	6411
5675	6412
9311	6413
1230	6414
7000	6415
5261	6416
7349	6417
89	6418
5724	6419
4614	6420
8723	6421
2965	6422
9243	6423
2028	6424
7118	6425
5863	6426
8857	6427
2048	6428
9394	6429
5130	6430
4833	6431
627	6432
6808	6433
6120	6434
7450	6435
9198	6436
6729	6437
3114	6438
3716	6439
5355	6440
3113	6441
919	6442
413	6443
5571	6444
6366	6445
78	6446
5521	6447
4321	6448
4806	6449
4836	6450
6349	6451
2869	6452
5033	6453
3656	6454
5774	6455
1459	6456
3693	6457
2103	6458
2331	6459
6009	6460
1269	6461
1868	6462
6063	6463
2991	6464
5612	6465
2211	6466
3076	6467
4272	6468
2867	6469
9130	6470
1678	6471
7378	6472
9688	6473
9490	6474
4919	6475
6212	6476
5753	6477
2355	6478
6759	6479
57	6480
7998	6481
3765	6482
6111	6483
8091	6484
4660	6485
5609	6486
1560	6487
444	6488
7460	6489
9664	6490
6327	6491
1074	6492
2156	6493
3	6494
8487	6495
7831	6496
2919	6497
1931	6498
4563	6499
4934	6500
8854	6501
1037	6502
7027	6503
8649	6504
5830	6505
3766	6506
8328	6507
5864	6508
1404	6509
3057	6510
4654	6511
8902	6512
7446	6513
3611	6514
5620	6515
5676	6516
905	6517
5784	6518
6385	6519
8195	6520
7755	6521
507	6522
4394	6523
8716	6524
8104	6525
6042	6526
3721	6527
2385	6528
2516	6529
9149	6530
7830	6531
4109	6532
628	6533
312	6534
4742	6535
87	6536
7512	6537
5593	6538
9192	6539
7128	6540
6119	6541
6779	6542
3469	6543
696	6544
3789	6545
583	6546
564	6547
5510	6548
4075	6549
8888	6550
7839	6551
2270	6552
5164	6553
8982	6554
3461	6555
1635	6556
9185	6557
8623	6558
5344	6559
7161	6560
2717	6561
703	6562
159	6563
1975	6564
3463	6565
6275	6566
6138	6567
4350	6568
467	6569
1631	6570
3853	6571
9261	6572
9328	6573
2521	6574
7199	6575
5358	6576
1831	6577
4707	6578
8305	6579
2138	6580
6755	6581
4822	6582
4059	6583
1703	6584
7791	6585
6225	6586
5085	6587
6117	6588
3824	6589
6752	6590
6795	6591
7893	6592
8256	6593
3359	6594
7457	6595
6500	6596
6381	6597
6404	6598
6975	6599
2101	6600
3725	6601
248	6602
5194	6603
7677	6604
3448	6605
2108	6606
7882	6607
1842	6608
2215	6609
8279	6610
2819	6611
9475	6612
4332	6613
7049	6614
1769	6615
5763	6616
875	6617
9214	6618
9182	6619
5101	6620
2031	6621
7696	6622
7426	6623
2356	6624
3236	6625
2955	6626
9108	6627
3605	6628
6383	6629
9749	6630
4204	6631
446	6632
5992	6633
3695	6634
916	6635
3233	6636
1456	6637
8389	6638
1756	6639
3886	6640
9055	6641
6211	6642
8735	6643
6885	6644
4348	6645
898	6646
7473	6647
4373	6648
49	6649
5995	6650
5909	6651
9581	6652
9072	6653
8711	6654
5436	6655
3142	6656
6764	6657
7251	6658
8673	6659
8841	6660
3579	6661
1901	6662
2568	6663
5133	6664
4761	6665
750	6666
8946	6667
1512	6668
6776	6669
647	6670
7130	6671
87	6672
8628	6673
9383	6674
6630	6675
2866	6676
2765	6677
874	6678
6450	6679
2862	6680
2242	6681
4987	6682
221	6683
3071	6684
9615	6685
526	6686
1351	6687
4217	6688
4676	6689
5760	6690
7213	6691
4323	6692
991	6693
9753	6694
1714	6695
2964	6696
6115	6697
3189	6698
3394	6699
5298	6700
1098	6701
8143	6702
1707	6703
1207	6704
2670	6705
7556	6706
3188	6707
7895	6708
861	6709
4299	6710
2942	6711
2120	6712
130	6713
3110	6714
970	6715
557	6716
4795	6717
8991	6718
3570	6719
6238	6720
6829	6721
5948	6722
428	6723
2768	6724
5259	6725
3767	6726
369	6727
7095	6728
1909	6729
9150	6730
9017	6731
8101	6732
8825	6733
9471	6734
7737	6735
2574	6736
7705	6737
5548	6738
4261	6739
2616	6740
2930	6741
1264	6742
4699	6743
3996	6744
4751	6745
5380	6746
822	6747
1488	6748
4499	6749
2805	6750
9675	6751
9238	6752
6446	6753
7201	6754
7858	6755
1179	6756
7764	6757
8194	6758
3795	6759
8473	6760
4047	6761
8584	6762
1886	6763
897	6764
5412	6765
8495	6766
4089	6767
2122	6768
6778	6769
6950	6770
4754	6771
5670	6772
6280	6773
4064	6774
6122	6775
1270	6776
2135	6777
6865	6778
6815	6779
2673	6780
7823	6781
929	6782
1424	6783
5933	6784
7941	6785
9505	6786
5584	6787
4729	6788
8756	6789
2648	6790
5400	6791
2314	6792
6373	6793
9382	6794
3433	6795
2751	6796
2178	6797
1964	6798
1535	6799
9322	6800
7945	6801
7373	6802
3058	6803
116	6804
907	6805
3593	6806
7228	6807
2571	6808
2630	6809
4518	6810
8581	6811
616	6812
1917	6813
7611	6814
2406	6815
5806	6816
8875	6817
6964	6818
5134	6819
7691	6820
566	6821
5260	6822
548	6823
1556	6824
7219	6825
9293	6826
6830	6827
2694	6828
3262	6829
3493	6830
8670	6831
1095	6832
9649	6833
6021	6834
8409	6835
9272	6836
2494	6837
5111	6838
1458	6839
152	6840
6826	6841
2608	6842
411	6843
64	6844
2953	6845
8953	6846
8248	6847
4102	6848
8127	6849
122	6850
1725	6851
598	6852
4067	6853
6768	6854
2300	6855
968	6856
7689	6857
3331	6858
1121	6859
5582	6860
5440	6861
9420	6862
3659	6863
4587	6864
592	6865
4582	6866
5227	6867
9399	6868
8237	6869
1843	6870
3235	6871
8003	6872
4771	6873
3168	6874
3938	6875
66	6876
2260	6877
879	6878
4069	6879
8126	6880
772	6881
7497	6882
3894	6883
3050	6884
6710	6885
5683	6886
4290	6887
7921	6888
6343	6889
6858	6890
6714	6891
4942	6892
932	6893
684	6894
1199	6895
3916	6896
7459	6897
2640	6898
7242	6899
6547	6900
4974	6901
8766	6902
3464	6903
4	6904
515	6905
4735	6906
3410	6907
9551	6908
2846	6909
4091	6910
1689	6911
2258	6912
7626	6913
2013	6914
1520	6915
2956	6916
2410	6917
5998	6918
1244	6919
601	6920
8802	6921
7229	6922
7964	6923
2163	6924
6570	6925
8689	6926
8989	6927
9373	6928
7686	6929
1391	6930
8517	6931
8899	6932
5305	6933
4741	6934
4869	6935
9380	6936
9492	6937
4319	6938
4147	6939
8407	6940
8833	6941
8527	6942
6590	6943
9242	6944
1170	6945
3176	6946
7559	6947
8595	6948
8498	6949
6507	6950
7402	6951
1701	6952
5098	6953
2500	6954
4017	6955
3863	6956
2349	6957
2353	6958
7971	6959
1153	6960
3207	6961
3500	6962
734	6963
1497	6964
8354	6965
845	6966
7476	6967
1999	6968
2088	6969
2065	6970
4697	6971
9140	6972
7904	6973
5280	6974
6606	6975
1200	6976
7817	6977
8452	6978
8303	6979
7186	6980
7578	6981
8189	6982
132	6983
5270	6984
4294	6985
8364	6986
712	6987
6274	6988
7829	6989
7545	6990
604	6991
4177	6992
3595	6993
9255	6994
3059	6995
2492	6996
4612	6997
357	6998
8616	6999
6963	7000
2556	7001
7887	7002
3501	7003
8205	7004
3645	7005
7247	7006
2882	7007
3398	7008
6809	7009
6399	7010
8861	7011
4103	7012
5197	7013
1147	7014
2045	7015
8371	7016
3190	7017
4488	7018
1109	7019
6346	7020
6727	7021
3943	7022
8845	7023
245	7024
9447	7025
1503	7026
6668	7027
2785	7028
3118	7029
3540	7030
8274	7031
1858	7032
2004	7033
1017	7034
3400	7035
7774	7036
7449	7037
3425	7038
6107	7039
4586	7040
7338	7041
5840	7042
7052	7043
9565	7044
2820	7045
3046	7046
554	7047
5418	7048
1154	7049
155	7050
119	7051
5544	7052
1321	7053
8943	7054
5478	7055
2784	7056
640	7057
1763	7058
3550	7059
1933	7060
3891	7061
7284	7062
8503	7063
5007	7064
6997	7065
8765	7066
5599	7067
2446	7068
6055	7069
9443	7070
976	7071
3713	7072
9065	7073
9342	7074
3509	7075
3360	7076
8870	7077
3129	7078
17	7079
1537	7080
9623	7081
6966	7082
4705	7083
8761	7084
7051	7085
9081	7086
653	7087
2527	7088
7227	7089
9384	7090
5249	7091
8919	7092
1058	7093
7147	7094
7043	7095
4061	7096
5718	7097
8060	7098
388	7099
4460	7100
2798	7101
7038	7102
7171	7103
6622	7104
8621	7105
5566	7106
1047	7107
8992	7108
7702	7109
337	7110
52	7111
4158	7112
4809	7113
9497	7114
106	7115
4138	7116
5047	7117
1908	7118
3467	7119
3199	7120
1394	7121
1449	7122
770	7123
6422	7124
3845	7125
2097	7126
9538	7127
4251	7128
1536	7129
3573	7130
8254	7131
6595	7132
6109	7133
1576	7134
5292	7135
1690	7136
8674	7137
754	7138
7391	7139
378	7140
5405	7141
2266	7142
5365	7143
2678	7144
7159	7145
921	7146
8337	7147
4556	7148
9672	7149
3967	7150
6509	7151
4710	7152
8667	7153
7136	7154
2636	7155
6603	7156
6912	7157
6456	7158
9308	7159
965	7160
7553	7161
594	7162
8456	7163
1482	7164
454	7165
2698	7166
3293	7167
9043	7168
8788	7169
777	7170
9563	7171
334	7172
9410	7173
8289	7174
1508	7175
5215	7176
7644	7177
6910	7178
2865	7179
7657	7180
8134	7181
8428	7182
4418	7183
1294	7184
6351	7185
6124	7186
2497	7187
9004	7188
7669	7189
8596	7190
8980	7191
3691	7192
1414	7193
4730	7194
5773	7195
7015	7196
1418	7197
7879	7198
8402	7199
5256	7200
3022	7201
7592	7202
7185	7203
7905	7204
171	7205
2537	7206
940	7207
7511	7208
11	7209
4288	7210
1296	7211
2256	7212
6652	7213
8358	7214
6177	7215
540	7216
9033	7217
6773	7218
1460	7219
478	7220
7359	7221
3220	7222
7244	7223
3198	7224
8446	7225
193	7226
5141	7227
8218	7228
1402	7229
3092	7230
212	7231
2430	7232
147	7233
7285	7234
5954	7235
5969	7236
2786	7237
2308	7238
7989	7239
6855	7240
2142	7241
5770	7242
492	7243
5037	7244
7934	7245
990	7246
3544	7247
3817	7248
3471	7249
2767	7250
9609	7251
1076	7252
8975	7253
4202	7254
168	7255
8057	7256
225	7257
1948	7258
1353	7259
2763	7260
4802	7261
239	7262
1238	7263
1629	7264
3266	7265
8544	7266
4045	7267
6395	7268
1138	7269
3010	7270
3478	7271
44	7272
2901	7273
1339	7274
201	7275
7467	7276
2375	7277
5349	7278
134	7279
3095	7280
6134	7281
1617	7282
578	7283
174	7284
7235	7285
9173	7286
1077	7287
7517	7288
3212	7289
5742	7290
2124	7291
8284	7292
1135	7293
9315	7294
5921	7295
4379	7296
6836	7297
6359	7298
2780	7299
8156	7300
3116	7301
8414	7302
7308	7303
5848	7304
5993	7305
1749	7306
5080	7307
7824	7308
6223	7309
3747	7310
5911	7311
7428	7312
8155	7313
4360	7314
536	7315
5707	7316
4028	7317
4341	7318
7530	7319
5859	7320
2421	7321
612	7322
103	7323
6917	7324
161	7325
1101	7326
7074	7327
1724	7328
5767	7329
2628	7330
8850	7331
3694	7332
1702	7333
9754	7334
7115	7335
9074	7336
7014	7337
333	7338
5178	7339
2712	7340
6674	7341
9690	7342
4971	7343
399	7344
8722	7345
123	7346
5382	7347
5737	7348
1513	7349
8896	7350
8138	7351
1507	7352
2876	7353
382	7354
8591	7355
1367	7356
9484	7357
6433	7358
5856	7359
8089	7360
5562	7361
634	7362
7364	7363
1433	7364
387	7365
71	7366
2159	7367
1783	7368
1227	7369
7020	7370
6552	7371
7144	7372
1668	7373
3941	7374
5499	7375
562	7376
1063	7377
8732	7378
4849	7379
5667	7380
3404	7381
3314	7382
668	7383
7756	7384
6874	7385
527	7386
3239	7387
4973	7388
2702	7389
1841	7390
9194	7391
582	7392
7877	7393
7790	7394
7258	7395
3898	7396
7167	7397
6596	7398
143	7399
4065	7400
4605	7401
7575	7402
513	7403
8413	7404
4784	7405
439	7406
1439	7407
7401	7408
6168	7409
7254	7410
7954	7411
9298	7412
21	7413
1444	7414
1030	7415
7120	7416
7412	7417
5488	7418
3708	7419
9755	7420
3723	7421
4692	7422
9032	7423
1218	7424
9027	7425
9419	7426
7923	7427
6903	7428
6926	7429
2276	7430
9585	7431
4673	7432
5295	7433
3337	7434
7415	7435
2456	7436
514	7437
9001	7438
8701	7439
5735	7440
1328	7441
9713	7442
7164	7443
6449	7444
224	7445
4490	7446
7529	7447
571	7448
9401	7449
3647	7450
8590	7451
5689	7452
4240	7453
8525	7454
4872	7455
8379	7456
2347	7457
6221	7458
6842	7459
8243	7460
7313	7461
9763	7462
9114	7463
859	7464
4074	7465
7727	7466
1755	7467
1038	7468
7075	7469
5444	7470
7758	7471
9176	7472
6602	7473
2372	7474
7193	7475
2074	7476
203	7477
5238	7478
1485	7479
9715	7480
139	7481
3281	7482
7479	7483
8463	7484
1778	7485
7652	7486
6730	7487
3225	7488
8981	7489
2736	7490
5513	7491
6686	7492
3269	7493
6415	7494
2832	7495
4456	7496
3779	7497
3809	7498
7445	7499
8629	7500
633	7501
6426	7502
85	7503
1753	7504
904	7505
1718	7506
798	7507
1042	7508
8984	7509
3860	7510
707	7511
3146	7512
5377	7513
7362	7514
4904	7515
6957	7516
1779	7517
8253	7518
744	7519
5814	7520
5888	7521
2774	7522
7270	7523
5468	7524
1438	7525
9012	7526
3790	7527
3169	7528
9093	7529
9616	7530
7880	7531
466	7532
9445	7533
5072	7534
6324	7535
1167	7536
3143	7537
1838	7538
5681	7539
587	7540
5937	7541
9233	7542
7763	7543
354	7544
9513	7545
2672	7546
6685	7547
2187	7548
3255	7549
115	7550
9533	7551
6670	7552
391	7553
1510	7554
2203	7555
7104	7556
6	7557
5534	7558
607	7559
3857	7560
9153	7561
4322	7562
7584	7563
2231	7564
490	7565
8293	7566
2646	7567
8567	7568
255	7569
9054	7570
3307	7571
3214	7572
2295	7573
2006	7574
5416	7575
4757	7576
1840	7577
4238	7578
8076	7579
3777	7580
1022	7581
2209	7582
3083	7583
2801	7584
4925	7585
8758	7586
708	7587
818	7588
9436	7589
8177	7590
4246	7591
6651	7592
4811	7593
4796	7594
8546	7595
400	7596
6543	7597
1717	7598
1180	7599
8385	7600
2250	7601
5437	7602
2839	7603
7623	7604
7394	7605
8893	7606
284	7607
7552	7608
8018	7609
5629	7610
1774	7611
9089	7612
3421	7613
9717	7614
2795	7615
6265	7616
6287	7617
6588	7618
1407	7619
7712	7620
9428	7621
1216	7622
3051	7623
5251	7624
1527	7625
54	7626
9059	7627
274	7628
7856	7629
14	7630
9602	7631
6676	7632
3	7633
6072	7634
3158	7635
5324	7636
5116	7637
4891	7638
4365	7639
2989	7640
3954	7641
9045	7642
8061	7643
9239	7644
1990	7645
1104	7646
6797	7647
5114	7648
3814	7649
6425	7650
7072	7651
9613	7652
9700	7653
4916	7654
3815	7655
6161	7656
1524	7657
7693	7658
2594	7659
7267	7660
180	7661
4678	7662
8706	7663
1865	7664
6354	7665
6753	7666
6582	7667
5458	7668
8203	7669
4257	7670
2949	7671
8867	7672
186	7673
6247	7674
1740	7675
1907	7676
8120	7677
4988	7678
4377	7679
6690	7680
2638	7681
9739	7682
3855	7683
2739	7684
5852	7685
45	7686
2357	7687
8437	7688
8129	7689
9019	7690
9572	7691
6585	7692
4868	7693
3427	7694
3181	7695
4877	7696
9221	7697
3614	7698
5042	7699
3638	7700
7574	7701
1621	7702
3812	7703
3524	7704
4056	7705
8084	7706
4455	7707
9283	7708
5623	7709
3003	7710
678	7711
6867	7712
603	7713
2134	7714
2504	7715
5432	7716
718	7717
2319	7718
3991	7719
7851	7720
3332	7721
4053	7722
8580	7723
797	7724
4320	7725
7730	7726
3521	7727
9558	7728
206	7729
385	7730
1692	7731
3674	7732
6060	7733
8241	7734
8891	7735
5772	7736
7356	7737
7101	7738
6888	7739
3350	7740
4716	7741
5556	7742
7503	7743
1792	7744
8639	7745
8169	7746
6791	7747
5429	7748
3533	7749
8968	7750
8846	7751
7638	7752
4962	7753
5679	7754
8045	7755
304	7756
196	7757
7216	7758
8053	7759
6219	7760
5583	7761
5762	7762
2995	7763
160	7764
9236	7765
4113	7766
3219	7767
2056	7768
7215	7769
66	7770
695	7771
7580	7772
1557	7773
3788	7774
3963	7775
5348	7776
9658	7777
9080	7778
3081	7779
2726	7780
7772	7781
4935	7782
5204	7783
3230	7784
9504	7785
6665	7786
2068	7787
6013	7788
6249	7789
1055	7790
8405	7791
6016	7792
3381	7793
5836	7794
1279	7795
7510	7796
7086	7797
4178	7798
6640	7799
9576	7800
8033	7801
4736	7802
8542	7803
192	7804
1181	7805
6911	7806
6890	7807
2371	7808
8335	7809
1122	7810
7782	7811
8231	7812
8707	7813
5441	7814
7698	7815
4436	7816
1232	7817
5886	7818
7627	7819
4680	7820
2423	7821
7447	7822
6089	7823
4098	7824
2762	7825
7707	7826
960	7827
7496	7828
5721	7829
8573	7830
5939	7831
4308	7832
4799	7833
10	7834
784	7835
1142	7836
3755	7837
2164	7838
3200	7839
7976	7840
1256	7841
4140	7842
9282	7843
442	7844
3630	7845
7729	7846
2541	7847
4364	7848
1421	7849
8302	7850
137	7851
2764	7852
9348	7853
3407	7854
4469	7855
2199	7856
7613	7857
1119	7858
9366	7859
4589	7860
34	7861
6319	7862
3698	7863
5417	7864
5299	7865
7688	7866
8996	7867
9474	7868
3615	7869
7668	7870
3405	7871
7124	7872
4756	7873
7414	7874
4295	7875
3365	7876
7679	7877
4309	7878
8654	7879
2665	7880
1193	7881
9423	7882
336	7883
6006	7884
1078	7885
7868	7886
96	7887
3726	7888
7491	7889
3667	7890
1393	7891
8703	7892
4653	7893
2834	7894
6972	7895
2238	7896
1349	7897
9171	7898
8369	7899
181	7900
9547	7901
3335	7902
7507	7903
6268	7904
118	7905
1614	7906
3758	7907
6008	7908
2590	7909
9608	7910
2684	7911
3193	7912
3603	7913
9168	7914
6634	7915
4008	7916
4344	7917
7891	7918
2253	7919
2680	7920
1448	7921
9121	7922
6738	7923
6653	7924
7848	7925
7788	7926
8186	7927
987	7928
956	7929
7331	7930
3736	7931
3806	7932
8945	7933
5966	7934
3981	7935
3245	7936
5427	7937
7372	7938
6306	7939
4634	7940
424	7941
6039	7942
2066	7943
6137	7944
4335	7945
3887	7946
8401	7947
5370	7948
4734	7949
4890	7950
7661	7951
3867	7952
3903	7953
3962	7954
2179	7955
3206	7956
545	7957
2010	7958
1222	7959
8228	7960
7781	7961
7908	7962
9048	7963
4875	7964
6108	7965
7695	7966
8064	7967
999	7968
59	7969
75	7970
9305	7971
2343	7972
5388	7973
9267	7974
42	7975
9725	7976
1049	7977
1246	7978
2352	7979
3720	7980
6478	7981
5938	7982
1918	7983
9216	7984
8387	7985
3348	7986
2408	7987
2374	7988
3103	7989
1959	7990
4524	7991
849	7992
2152	7993
22	7994
7483	7995
5024	7996
6136	7997
4642	7998
9555	7999
6466	8000
2643	8001
3757	8002
7704	8003
370	8004
1445	8005
4445	8006
9219	8007
4918	8008
6477	8009
294	8010
7546	8011
8308	8012
2478	8013
5504	8014
1818	8015
7990	8016
8726	8017
7044	8018
436	8019
9470	8020
688	8021
5290	8022
459	8023
5639	8024
7832	8025
18	8026
8468	8027
5658	8028
151	8029
452	8030
5339	8031
3383	8032
6780	8033
1862	8034
3976	8035
2176	8036
4857	8037
3483	8038
8604	8039
560	8040
802	8041
5463	8042
4121	8043
5371	8044
2523	8045
4258	8046
7903	8047
3516	8048
7714	8049
9684	8050
9135	8051
2241	8052
4442	8053
2695	8054
4462	8055
5951	8056
2599	8057
2078	8058
6467	8059
8565	8060
1551	8061
2488	8062
4004	8063
2252	8064
6716	8065
9131	8066
9246	8067
7024	8068
7375	8069
9545	8070
4775	8071
163	8072
7897	8073
5368	8074
8475	8075
7117	8076
5515	8077
3367	8078
3361	8079
3480	8080
2451	8081
2419	8082
3125	8083
8957	8084
1403	8085
4387	8086
3432	8087
3504	8088
8318	8089
5483	8090
2153	8091
7876	8092
1988	8093
6262	8094
5359	8095
5120	8096
4743	8097
120	8098
4963	8099
8733	8100
162	8101
8214	8102
4786	8103
4797	8104
1625	8105
5064	8106
5190	8107
9313	8108
5606	8109
2914	8110
5156	8111
9357	8112
6515	8113
7214	8114
1366	8115
7667	8116
8078	8117
8898	8118
9574	8119
9583	8120
4679	8121
3147	8122
4585	8123
8691	8124
7031	8125
509	8126
7114	8127
4407	8128
5785	8129
6960	8130
2894	8131
2806	8132
5903	8133
4297	8134
7366	8135
3543	8136
9404	8137
1836	8138
4943	8139
4327	8140
3575	8141
8472	8142
7670	8143
9660	8144
674	8145
666	8146
4927	8147
9274	8148
6451	8149
7342	8150
2232	8151
5947	8152
17	8153
4007	8154
5019	8155
1677	8156
5883	8157
51	8158
53	8159
2427	8160
1041	8161
6943	8162
8336	8163
6470	8164
1423	8165
637	8166
124	8167
5200	8168
8592	8169
7175	8170
6462	8171
946	8172
8871	8173
3664	8174
8510	8175
210	8176
5058	8177
7084	8178
8142	8179
6106	8180
6370	8181
6769	8182
1566	8183
525	8184
4233	8185
1377	8186
6005	8187
5285	8188
7347	8189
2174	8190
7303	8191
508	8192
9663	8193
3227	8194
1317	8195
978	8196
4370	8197
6683	8198
2917	8199
32	8200
4384	8201
1559	8202
9133	8203
6430	8204
1268	8205
2341	8206
8117	8207
8553	8208
5139	8209
7821	8210
8073	8211
5565	8212
7480	8213
5572	8214
3393	8215
153	8216
4073	8217
8586	8218
4522	8219
119	8220
3484	8221
3422	8222
8260	8223
9160	8224
4088	8225
1133	8226
8666	8227
3631	8228
2723	8229
1532	8230
3305	8231
1217	8232
2093	8233
2671	8234
2607	8235
1265	8236
3625	8237
4496	8238
974	8239
6143	8240
8972	8241
7674	8242
9625	8243
5138	8244
2175	8245
1952	8246
3159	8247
1674	8248
4243	8249
9465	8250
5392	8251
2878	8252
6549	8253
8458	8254
2910	8255
8088	8256
1292	8257
7418	8258
9657	8259
3310	8260
209	8261
9172	8262
3576	8263
2714	8264
7141	8265
3878	8266
8717	8267
6941	8268
5940	8269
6023	8270
2503	8271
1399	8272
6956	8273
2593	8274
3688	8275
5115	8276
4438	8277
2303	8278
1916	8279
71	8280
1215	8281
8949	8282
8014	8283
2467	8284
2891	8285
2181	8286
7225	8287
7970	8288
2598	8289
9101	8290
7291	8291
7253	8292
8002	8293
889	8294
4641	8295
5091	8296
7357	8297
3441	8298
9378	8299
3411	8300
226	8301
8938	8302
6576	8303
2934	8304
7289	8305
3434	8306
6572	8307
9167	8308
6971	8309
2137	8310
12	8311
3026	8312
2350	8313
1325	8314
3474	8315
8023	8316
3160	8317
2380	8318
1134	8319
6243	8320
3546	8321
677	8322
3457	8323
76	8324
3832	8325
2112	8326
3000	8327
2277	8328
5528	8329
8442	8330
5448	8331
6299	8332
2781	8333
5176	8334
5018	8335
1278	8336
9516	8337
5511	8338
1693	8339
483	8340
4996	8341
6160	8342
1465	8343
4126	8344
1704	8345
1461	8346
4902	8347
1810	8348
5272	8349
561	8350
3171	8351
6871	8352
9532	8353
906	8354
8220	8355
5925	8356
4302	8357
3997	8358
6375	8359
3522	8360
1069	8361
5860	8362
5780	8363
3363	8364
48	8365
1902	8366
552	8367
8488	8368
6492	8369
480	8370
5213	8371
3851	8372
8882	8373
1188	8374
8361	8375
4723	8376
539	8377
4354	8378
9006	8379
1489	8380
2874	8381
8339	8382
4470	8383
2855	8384
4278	8385
1911	8386
2950	8387
5827	8388
1469	8389
2002	8390
5581	8391
6097	8392
8720	8393
7187	8394
6271	8395
1517	8396
1149	8397
5807	8398
1950	8399
9546	8400
8108	8401
855	8402
2877	8403
1673	8404
252	8405
2886	8406
6248	8407
4013	8408
7088	8409
8441	8410
6033	8411
2412	8412
2946	8413
310	8414
4884	8415
4572	8416
4770	8417
5174	8418
4714	8419
8157	8420
5083	8421
2601	8422
8890	8423
4955	8424
543	8425
2402	8426
4405	8427
652	8428
462	8429
2118	8430
7672	8431
475	8432
11	8433
1913	8434
5757	8435
460	8436
7484	8437
7622	8438
6810	8439
1009	8440
4870	8441
8687	8442
3263	8443
9178	8444
8327	8445
7033	8446
4739	8447
173	8448
6388	8449
6431	8450
2927	8451
3369	8452
6721	8453
2811	8454
6206	8455
1720	8456
7030	8457
98	8458
4698	8459
5097	8460
8128	8461
5752	8462
1978	8463
5046	8464
8207	8465
8193	8466
6178	8467
1136	8468
1039	8469
5374	8470
4378	8471
654	8472
3607	8473
4369	8474
2988	8475
7399	8476
2149	8477
6735	8478
6724	8479
4099	8480
1688	8481
4635	8482
8400	8483
2895	8484
8183	8485
2282	8486
3781	8487
7656	8488
1053	8489
7647	8490
8370	8491
3620	8492
9047	8493
4374	8494
3323	8495
1860	8496
8516	8497
2233	8498
3666	8499
6123	8500
3481	8501
7153	8502
3825	8503
174	8504
7850	8505
7852	8506
5242	8507
5353	8508
5668	8509
4745	8510
1286	8511
6992	8512
3011	8513
3889	8514
2312	8515
6620	8516
4221	8517
9049	8518
1793	8519
2664	8520
7710	8521
8907	8522
8275	8523
7368	8524
3728	8525
9325	8526
4042	8527
5196	8528
8657	8529
9062	8530
1761	8531
8744	8532
7346	8533
4606	8534
231	8535
3065	8536
3840	8537
1735	8538
2222	8539
4183	8540
238	8541
7236	8542
306	8543
415	8544
3179	8545
853	8546
7317	8547
6771	8548
6292	8549
24	8550
1231	8551
2760	8552
2890	8553
1486	8554
2600	8555
4092	8556
4274	8557
8304	8558
205	8559
7265	8560
7266	8561
6861	8562
5317	8563
2510	8564
5532	8565
1816	8566
923	8567
5578	8568
9030	8569
383	8570
6229	8571
5219	8572
4236	8573
2981	8574
537	8575
8942	8576
9527	8577
342	8578
10	8579
8118	8580
2224	8581
4997	8582
9291	8583
7721	8584
7609	8585
7813	8586
3047	8587
1809	8588
3195	8589
4303	8590
8259	8591
3754	8592
7166	8593
6099	8594
2414	8595
362	8596
8471	8597
4828	8598
240	8599
8349	8600
8132	8601
6310	8602
7918	8603
1742	8604
2585	8605
2003	8606
2322	8607
1205	8608
3542	8609
4441	8610
72	8611
9462	8612
5210	8613
5423	8614
9031	8615
3097	8616
3548	8617
5987	8618
5203	8619
5662	8620
876	8621
3571	8622
75	8623
7278	8624
900	8625
7268	8626
9756	8627
2662	8628
7520	8629
2221	8630
962	8631
1364	8632
5538	8633
5320	8634
1649	8635
7634	8636
7053	8637
9491	8638
4333	8639
1610	8640
3454	8641
5071	8642
6056	8643
827	8644
4501	8645
2602	8646
5108	8647
8077	8648
178	8649
3921	8650
6784	8651
1547	8652
319	8653
8286	8654
871	8655
36	8656
3608	8657
1619	8658
7680	8659
4027	8660
14	8661
1984	8662
759	8663
9385	8664
7103	8665
9235	8666
5671	8667
1	8668
4362	8669
4504	8670
1609	8671
5391	8672
1653	8673
4512	8674
4385	8675
4465	8676
3226	8677
2996	8678
6459	8679
3282	8680
5971	8681
9234	8682
2370	8683
2292	8684
5094	8685
2462	8686
4386	8687
2498	8688
2746	8689
5067	8690
6756	8691
9557	8692
3837	8693
4622	8694
5442	8695
1239	8696
7116	8697
6522	8698
8298	8699
5786	8700
5898	8701
1308	8702
819	8703
5060	8704
1324	8705
3413	8706
469	8707
3005	8708
2166	8709
4196	8710
839	8711
3960	8712
3229	8713
7353	8714
6642	8715
7323	8716
9556	8717
3988	8718
9705	8719
1798	8720
1492	8721
2924	8722
1085	8723
6282	8724
3280	8725
591	8726
453	8727
6156	8728
623	8729
2395	8730
854	8731
1233	8732
7739	8733
2810	8734
8072	8735
33	8736
3380	8737
6774	8738
1727	8739
7045	8740
6647	8741
9323	8742
7767	8743
6511	8744
541	8745
8915	8746
6707	8747
5135	8748
2999	8749
1643	8750
9202	8751
9508	8752
4573	8753
2186	8754
8288	8755
9212	8756
690	8757
55	8758
7860	8759
4986	8760
2415	8761
3635	8762
4289	8763
121	8764
2438	8765
6719	8766
3489	8767
2049	8768
162	8769
4663	8770
5409	8771
3161	8772
2161	8773
7526	8774
6605	8775
6073	8776
7628	8777
8932	8778
1100	8779
5099	8780
9005	8781
3370	8782
697	8783
9260	8784
1871	8785
6589	8786
3324	8787
1375	8788
3086	8789
262	8790
820	8791
6244	8792
1	8793
2792	8794
3180	8795
532	8796
6151	8797
3668	8798
2052	8799
3120	8800
5420	8801
2059	8802
5286	8803
760	8804
4316	8805
720	8806
779	8807
9603	8808
8270	8809
6075	8810
1495	8811
4690	8812
2094	8813
4528	8814
5051	8815
1600	8816
28	8817
9638	8818
429	8819
6401	8820
503	8821
5660	8822
9554	8823
998	8824
9268	8825
9596	8826
1371	8827
9042	8828
3681	8829
6332	8830
7288	8831
447	8832
7456	8833
6493	8834
8782	8835
4947	8836
9076	8837
438	8838
6701	8839
5706	8840
7560	8841
1333	8842
9287	8843
199	8844
502	8845
8317	8846
3132	8847
5843	8848
9469	8849
9418	8850
7561	8851
807	8852
2993	8853
9560	8854
7006	8855
7290	8856
3715	8857
4381	8858
3029	8859
416	8860
8139	8861
2871	8862
3560	8863
2911	8864
1310	8865
9653	8866
141	8867
5941	8868
9132	8869
29	8870
5169	8871
1827	8872
6746	8873
2853	8874
8901	8875
7805	8876
142	8877
8630	8878
407	8879
7524	8880
7443	8881
9364	8882
1287	8883
5147	8884
1772	8885
7944	8886
957	8887
2220	8888
8000	8889
3841	8890
9195	8891
1125	8892
7360	8893
2054	8894
8107	8895
1260	8896
8796	8897
7901	8898
8978	8899
1864	8900
6535	8901
2649	8902
8849	8903
6014	8904
7841	8905
3374	8906
1466	8907
1151	8908
5237	8909
8362	8910
9103	8911
5158	8912
3164	8913
1369	8914
3915	8915
3216	8916
9432	8917
3776	8918
9304	8919
290	8920
6811	8921
9746	8922
1306	8923
7935	8924
8731	8925
9643	8926
8682	8927
9704	8928
5705	8929
1591	8930
6392	8931
6928	8932
1059	8933
4050	8934
8816	8935
1899	8936
1895	8937
3061	8938
5704	8939
6096	8940
4169	8941
6831	8942
5857	8943
858	8944
9113	8945
9622	8946
6264	8947
3292	8948
2903	8949
6994	8950
2172	8951
166	8952
8285	8953
8885	8954
2362	8955
8356	8956
2690	8957
3558	8958
9473	8959
5525	8960
9179	8961
8913	8962
752	8963
589	8964
8671	8965
2829	8966
9611	8967
7870	8968
6775	8969
8713	8970
2307	8971
4492	8972
1290	8973
5978	8974
866	8975
6812	8976
9431	8977
3333	8978
2288	8979
8693	8980
7752	8981
8549	8982
6025	8983
7655	8984
2703	8985
4569	8986
5761	8987
4966	8988
6030	8989
7965	8990
7398	8991
7913	8992
1859	8993
2980	8994
7085	8995
6391	8996
8012	8997
4448	8998
832	8999
44	9000
1660	9001
499	9002
721	9003
8699	9004
6816	9005
5490	9006
5722	9007
4318	9008
4285	9009
34	9010
9656	9011
8083	9012
8725	9013
3024	9014
7073	9015
350	9016
9573	9017
2929	9018
6952	9019
1543	9020
7137	9021
6905	9022
5218	9023
4409	9024
4176	9025
6397	9026
5771	9027
9362	9028
4834	9029
4555	9030
4545	9031
8027	9032
7145	9033
3513	9034
7569	9035
3717	9036
8102	9037
1914	9038
9437	9039
3406	9040
1258	9041
5131	9042
7462	9043
2709	9044
8999	9045
3768	9046
7568	9047
112	9048
5489	9049
5720	9050
6578	9051
5189	9052
841	9053
2486	9054
3100	9055
3826	9056
1415	9057
5677	9058
5847	9059
7855	9060
2531	9061
2081	9062
1502	9063
2551	9064
1331	9065
169	9066
315	9067
6593	9068
377	9069
1464	9070
1665	9071
432	9072
3140	9073
488	9074
4652	9075
5844	9076
3979	9077
2524	9078
1163	9079
1305	9080
8618	9081
5922	9082
8559	9083
1365	9084
2750	9085
3937	9086
1583	9087
8897	9088
3874	9089
8644	9090
692	9091
7143	9092
8204	9093
2550	9094
3628	9095
931	9096
7363	9097
1869	9098
6181	9099
8864	9100
3958	9101
1624	9102
4628	9103
7802	9104
7833	9105
5	9106
6786	9107
3940	9108
2344	9109
3470	9110
2033	9111
4459	9112
2975	9113
4473	9114
5729	9115
1775	9116
2840	9117
43	9118
9288	9119
2847	9120
7035	9121
4477	9122
6066	9123
2111	9124
8585	9125
298	9126
3955	9127
427	9128
3106	9129
1385	9130
5714	9131
7551	9132
1883	9133
4658	9134
9534	9135
796	9136
1580	9137
993	9138
952	9139
2339	9140
775	9141
3340	9142
6626	9143
8217	9144
5216	9145
2575	9146
2096	9147
9183	9148
1540	9149
1885	9150
7754	9151
4497	9152
5125	9153
7929	9154
985	9155
4162	9156
2837	9157
7740	9158
9691	9159
5485	9160
4430	9161
4655	9162
3298	9163
4537	9164
3035	9165
2084	9166
6880	9167
3559	9168
8564	9169
4701	9170
7220	9171
5570	9172
1805	9173
3351	9174
1696	9175
9314	9176
3151	9177
2481	9178
981	9179
4993	9180
9003	9181
3537	9182
6977	9183
187	9184
5509	9185
4155	9186
7134	9187
3252	9188
3786	9189
471	9190
8466	9191
9460	9192
4408	9193
9200	9194
5154	9195
3637	9196
2842	9197
6222	9198
7486	9199
2327	9200
3811	9201
3354	9202
5421	9203
4859	9204
8200	9205
3165	9206
4301	9207
241	9208
606	9209
7539	9210
2745	9211
7927	9212
3419	9213
8154	9214
522	9215
3222	9216
6973	9217
761	9218
2857	9219
9008	9220
324	9221
8391	9222
5014	9223
9141	9224
3256	9225
1446	9226
8914	9227
7725	9228
6529	9229
6544	9230
1046	9231
3257	9232
3496	9233
9331	9234
5013	9235
4250	9236
5132	9237
815	9238
7304	9239
5817	9240
3488	9241
1499	9242
1344	9243
4577	9244
31	9245
7243	9246
8697	9247
9102	9248
3782	9249
6452	9250
1048	9251
9697	9252
8814	9253
9738	9254
1905	9255
1687	9256
5486	9257
1301	9258
7080	9259
8459	9260
5986	9261
5597	9262
3794	9263
1891	9264
1765	9265
1072	9266
346	9267
2986	9268
6526	9269
4440	9270
7742	9271
6619	9272
5595	9273
168	9274
7094	9275
7819	9276
117	9277
6093	9278
8799	9279
2384	9280
2719	9281
3449	9282
2872	9283
9152	9284
2788	9285
3651	9286
6787	9287
2830	9288
3762	9289
7005	9290
8175	9291
8161	9292
8642	9293
6210	9294
7641	9295
5049	9296
7547	9297
4101	9298
8952	9299
5580	9300
3923	9301
1483	9302
2831	9303
8538	9304
1428	9305
2157	9306
8526	9307
67	9308
5820	9309
6233	9310
5674	9311
8524	9312
5446	9313
189	9314
1097	9315
6059	9316
8519	9317
9061	9318
9732	9319
7315	9320
6537	9321
1398	9322
2170	9323
8490	9324
7029	9325
8	9326
8	9327
5419	9328
5373	9329
477	9330
138	9331
8055	9332
6763	9333
1817	9334
8792	9335
2645	9336
8182	9337
4389	9338
1291	9339
326	9340
254	9341
8859	9342
6607	9343
7878	9344
5086	9345
6521	9346
7635	9347
9641	9348
2173	9349
229	9350
4086	9351
5335	9352
8574	9353
6473	9354
8746	9355
1811	9356
6000	9357
8192	9358
4905	9359
5877	9360
8969	9361
5395	9362
149	9363
8070	9364
275	9365
1487	9366
4999	9367
5381	9368
2490	9369
8811	9370
5258	9371
7840	9372
5611	9373
2974	9374
2281	9375
89	9376
8619	9377
2509	9378
2770	9379
1060	9380
8903	9381
146	9382
6705	9383
1605	9384
662	9385
544	9386
5301	9387
7489	9388
1636	9389
2086	9390
9659	9391
6638	9392
7979	9393
172	9394
3680	9395
6770	9396
6482	9397
2453	9398
8712	9399
1582	9400
7726	9401
8536	9402
9489	9403
8739	9404
6555	9405
6785	9406
2329	9407
538	9408
4252	9409
534	9410
158	9411
1110	9412
4750	9413
4553	9414
748	9415
4893	9416
6297	9417
885	9418
7019	9419
6270	9420
1715	9421
5934	9422
5875	9423
4726	9424
232	9425
9148	9426
3329	9427
2394	9428
5637	9429
2099	9430
6304	9431
217	9432
6308	9433
5654	9434
249	9435
5386	9436
1437	9437
6067	9438
7907	9439
6949	9440
1970	9441
5316	9442
3154	9443
9201	9444
6335	9445
3345	9446
6850	9447
2732	9448
7974	9449
3276	9450
134	9451
8377	9452
8956	9453
7977	9454
7160	9455
5812	9456
3412	9457
3634	9458
5690	9459
5366	9460
9553	9461
6732	9462
3818	9463
6277	9464
2434	9465
4433	9466
6517	9467
8910	9468
9358	9469
1910	9470
7537	9471
7972	9472
6761	9473
6340	9474
4463	9475
1929	9476
5236	9477
183	9478
2800	9479
1767	9480
6766	9481
3183	9482
2257	9483
7263	9484
4903	9485
1745	9486
1220	9487
3536	9488
6405	9489
4621	9490
3063	9491
3926	9492
41	9493
5970	9494
7001	9495
5438	9496
3948	9497
2749	9498
7942	9499
7513	9500
2737	9501
395	9502
5636	9503
4429	9504
9464	9505
1056	9506
6671	9507
4106	9508
7010	9509
5089	9510
2742	9511
10	9512
3843	9513
4475	9514
5601	9515
8150	9516
2162	9517
5482	9518
1224	9519
4703	9520
7664	9521
3987	9522
1710	9523
6471	9524
392	9525
7766	9526
2345	9527
3807	9528
5984	9529
8879	9530
7091	9531
951	9532
1057	9533
5122	9534
5919	9535
7025	9536
8374	9537
8983	9538
4892	9539
2388	9540
8153	9541
5747	9542
1397	9543
5020	9544
8152	9545
7217	9546
1919	9547
2560	9548
2361	9549
4093	9550
4517	9551
1501	9552
179	9553
3873	9554
1295	9555
7403	9556
3241	9557
6925	9558
9258	9559
5284	9560
1953	9561
8038	9562
8951	9563
9459	9564
1888	9565
5645	9566
7741	9567
6641	9568
6968	9569
8489	9570
9728	9571
4371	9572
9166	9573
6236	9574
9710	9575
2075	9576
491	9577
5698	9578
3644	9579
7312	9580
9542	9581
5831	9582
9716	9583
1694	9584
6947	9585
3240	9586
912	9587
2860	9588
5025	9589
2009	9590
1	9591
1029	9592
3864	9593
3734	9594
4480	9595
6061	9596
895	9597
2201	9598
2263	9599
1214	9600
3322	9601
3604	9602
2278	9603
3655	9604
8783	9605
6017	9606
3739	9607
7857	9608
1	9609
496	9610
177	9611
4435	9612
5205	9613
2835	9614
1197	9615
4329	9616
104	9617
6058	9618
4666	9619
7919	9620
103	9621
9190	9622
2778	9623
7596	9624
588	9625
8748	9626
4314	9627
559	9628
3585	9629
9441	9630
5634	9631
6164	9632
3947	9633
6601	9634
6180	9635
6020	9636
160	9637
9208	9638
8159	9639
7482	9640
7178	9641
9569	9642
1626	9643
8672	9644
1008	9645
8419	9646
8500	9647
3700	9648
5351	9649
7264	9650
2214	9651
579	9652
7311	9653
5586	9654
3740	9655
479	9656
2318	9657
4813	9658
3785	9659
473	9660
3187	9661
667	9662
597	9663
4851	9664
7605	9665
1965	9666
7245	9667
1092	9668
4924	9669
8171	9670
4548	9671
6961	9672
3153	9673
6334	9674
5711	9675
4738	9676
156	9677
7320	9678
6361	9679
3306	9680
9712	9681
7966	9682
8366	9683
2125	9684
8345	9685
7069	9686
1168	9687
12	9688
2641	9689
5021	9690
8423	9691
2540	9692
5302	9693
5878	9694
4483	9695
8966	9696
9137	9697
8656	9698
3274	9699
6474	9700
3491	9701
2020	9702
7969	9703
6558	9704
945	9705
7207	9706
950	9707
4960	9708
4244	9709
982	9710
2469	9711
2543	9712
2115	9713
3676	9714
7835	9715
942	9716
9189	9717
4267	9718
5694	9719
6927	9720
4021	9721
4737	9722
801	9723
9580	9724
9579	9725
6048	9726
3892	9727
8571	9728
3185	9729
195	9730
9634	9731
3144	9732
3751	9733
3096	9734
1426	9735
1245	9736
3082	9737
6153	9738
5759	9739
64	9740
4427	9741
6965	9742
8918	9743
3787	9744
6568	9745
3527	9746
9604	9747
5651	9748
6286	9749
1283	9750
1165	9751
7594	9752
4984	9753
9562	9754
8395	9755
9757	9756
5073	9757
2472	9758
1031	9759
1454	9760
8467	9761
6574	9762
5955	9763
8213	9764
1001	9765
7509	9766
2818	9767
9094	9768
5186	9769
5126	9770
1698	9771
6893	9772
6342	9773
4866	9774
2405	9775
3502	9776
5069	9777
131	9778
8988	9779
7060	9780
3649	9781
4980	9782
2697	9783
7937	9784
2572	9785
3846	9786
3813	9787
7065	9788
1967	9789
5150	9790
1519	9791
7699	9792
3375	9793
1316	9794
305	9795
5882	9796
2196	9797
1699	9798
6175	9799
6723	9800
1040	9801
7205	9802
3036	9803
3217	9804
9162	9805
5975	9806
5435	9807
331	9808
2119	9809
1579	9810
2833	9811
6490	9812
7716	9813
7090	9814
5824	9815
6866	9816
3745	9817
3972	9818
776	9819
5291	9820
2269	9821
2507	9822
4143	9823
7648	9824
698	9825
3155	9826
8368	9827
2047	9828
5507	9829
5841	9830
1440	9831
8576	9832
1088	9833
3772	9834
1706	9835
6295	9836
8518	9837
1545	9838
7709	9839
767	9840
4661	9841
5684	9842
5345	9843
2114	9844
4608	9845
4179	9846
9390	9847
8483	9848
6197	9849
6758	9850
7371	9851
301	9852
4695	9853
6580	9854
268	9855
8777	9856
4135	9857
6104	9858
8095	9859
8046	9860
8075	9861
323	9862
4720	9863
3756	9864
611	9865
8624	9866
5626	9867
2951	9868
2578	9869
4347	9870
1870	9871
8047	9872
3650	9873
5221	9874
863	9875
5276	9876
4142	9877
2036	9878
844	9879
8232	9880
5393	9881
9175	9882
8651	9883
2034	9884
7358	9885
8478	9886
1729	9887
1744	9888
23	9889
565	9890
5631	9891
4592	9892
1062	9893
1297	9894
6739	9895
3495	9896
1577	9897
7036	9898
4383	9899
2979	9900
4415	9901
3748	9902
6804	9903
236	9904
3925	9905
11	9906
2667	9907
5212	9908
8347	9909
2132	9910
4596	9911
4691	9912
5701	9913
4406	9914
1045	9915
4422	9916
9002	9917
7269	9918
523	9919
1173	9920
9196	9921
2841	9922
1943	9923
9706	9924
7591	9925
6434	9926
2932	9927
3985	9928
3973	9929
7018	9930
4863	9931
8535	9932
2432	9933
958	9934
1813	9935
63	9936
9126	9937
9564	9938
1272	9939
81	9940
702	9941
4254	9942
576	9943
4659	9944
9676	9945
4043	9946
2455	9947
7380	9948
6326	9949
851	9950
1463	9951
2145	9952
8124	9953
271	9954
7110	9955
3089	9956
461	9957
1820	9958
8367	9959
928	9960
5536	9961
2191	9962
7429	9963
7140	9964
5455	9965
2039	9966
6182	9967
1390	9968
8650	9969
27	9970
6612	9971
6643	9972
7629	9973
2265	9974
8287	9975
2565	9976
6162	9977
3420	9978
6734	9979
8325	9980
2708	9981
6872	9982
1834	9983
6929	9984
789	9985
7734	9986
2615	9987
5457	9988
1799	9989
8476	9990
102	9991
6789	9992
9752	9993
3429	9994
47	9995
4326	9996
7916	9997
966	9998
7240	9999
8647	10000
