955	1
6252	2
937	3
8226	4
3717	5
4903	6
9410	7
8423	8
973	9
5500	10
4081	11
8146	12
3454	13
2555	14
6810	15
5933	16
1706	17
8004	18
1276	19
3658	20
8416	21
6652	22
3719	23
443	24
4288	25
4561	26
7299	27
335	28
3011	29
5648	30
1957	31
1824	32
6135	33
4520	34
4012	35
3290	36
2570	37
1778	38
8404	39
199	40
5078	41
3438	42
1565	43
8437	44
7506	45
8840	46
3754	47
3430	48
869	49
462	50
2392	51
6018	52
4693	53
76	54
6371	55
3876	56
4213	57
9099	58
7148	59
2179	60
938	61
2921	62
1065	63
3967	64
6501	65
8605	66
5527	67
8477	68
5296	69
329	70
786	71
8337	72
154	73
469	74
369	75
5801	76
6075	77
2165	78
2447	79
2632	80
1236	81
4502	82
571	83
2369	84
4894	85
1	86
6068	87
6060	88
7860	89
269	90
8042	91
2403	92
8502	93
4720	94
2041	95
2061	96
8631	97
5357	98
9618	99
7965	100
8050	101
7193	102
5413	103
8546	104
1994	105
1216	106
550	107
3898	108
5513	109
4803	110
3485	111
1279	112
1961	113
5897	114
2385	115
6982	116
2961	117
2528	118
5095	119
6647	120
7201	121
5	122
9232	123
3143	124
3965	125
3514	126
5971	127
5464	128
9054	129
6695	130
9010	131
2127	132
8716	133
2287	134
5191	135
3743	136
7766	137
8295	138
1378	139
3044	140
2847	141
9242	142
1596	143
6226	144
2483	145
5299	146
262	147
1417	148
8827	149
3501	150
8446	151
150	152
758	153
9588	154
1219	155
7128	156
7710	157
4248	158
829	159
1972	160
878	161
4670	162
4969	163
3792	164
1419	165
906	166
8882	167
6685	168
277	169
3659	170
243	171
7746	172
4446	173
4432	174
3842	175
2939	176
7454	177
5012	178
5150	179
4508	180
9572	181
4569	182
676	183
3291	184
6230	185
4299	186
4455	187
1735	188
113	189
9	190
4445	191
2992	192
1743	193
3516	194
9553	195
7835	196
1899	197
4338	198
2660	199
2033	200
4437	201
9276	202
9640	203
5916	204
8898	205
1819	206
2537	207
8058	208
5224	209
7020	210
1701	211
6940	212
8786	213
6640	214
1374	215
4947	216
3911	217
5358	218
9144	219
145	220
6127	221
706	222
125	223
6812	224
3437	225
137	226
8499	227
9224	228
3778	229
8076	230
5116	231
7552	232
3226	233
4379	234
1625	235
2924	236
5650	237
4823	238
5453	239
6286	240
811	241
5653	242
3634	243
5149	244
2912	245
8303	246
383	247
2622	248
7789	249
7759	250
9681	251
9485	252
1040	253
7825	254
2104	255
8978	256
7132	257
3997	258
3023	259
8812	260
6013	261
8701	262
5576	263
5288	264
1414	265
3963	266
1800	267
9218	268
3425	269
4680	270
6403	271
7041	272
4308	273
8273	274
2735	275
1597	276
823	277
4013	278
7296	279
6399	280
6595	281
8291	282
8836	283
6302	284
1009	285
8941	286
2742	287
483	288
3139	289
1015	290
378	291
9271	292
144	293
8134	294
1792	295
7107	296
3780	297
3457	298
7762	299
2728	300
9283	301
8301	302
8341	303
4901	304
6801	305
5013	306
3503	307
4816	308
98	309
4676	310
4004	311
793	312
7400	313
6049	314
7470	315
8622	316
4982	317
3561	318
5407	319
9703	320
2128	321
4363	322
4417	323
6017	324
5686	325
3416	326
186	327
7502	328
6343	329
8588	330
6540	331
5211	332
6342	333
5380	334
8288	335
2338	336
8408	337
5668	338
7889	339
5003	340
6295	341
9100	342
8579	343
58	344
2251	345
3123	346
8038	347
8914	348
7247	349
5093	350
4687	351
1690	352
8017	353
4380	354
2982	355
7226	356
4733	357
7657	358
8678	359
5674	360
3242	361
6251	362
9709	363
941	364
556	365
9518	366
4066	367
264	368
3148	369
1370	370
8184	371
3983	372
102	373
1907	374
3785	375
5421	376
377	377
8335	378
4999	379
8494	380
1235	381
8571	382
5602	383
7320	384
82	385
1318	386
1758	387
232	388
3670	389
22	390
8263	391
779	392
2930	393
8798	394
8227	395
3240	396
1674	397
9208	398
8484	399
4989	400
1280	401
4040	402
2502	403
7838	404
7423	405
2677	406
5654	407
346	408
3466	409
2805	410
513	411
4886	412
4010	413
2291	414
2800	415
4342	416
4512	417
360	418
2411	419
3467	420
9035	421
4624	422
4819	423
2929	424
9042	425
7777	426
8151	427
3032	428
6036	429
925	430
2997	431
8229	432
5679	433
398	434
9063	435
1301	436
1650	437
4863	438
9623	439
1583	440
589	441
3624	442
5432	443
3015	444
8106	445
3297	446
8053	447
32	448
4751	449
8500	450
5944	451
2718	452
7029	453
8940	454
2684	455
1162	456
154	457
9044	458
1330	459
2341	460
4130	461
7285	462
5060	463
4802	464
3257	465
6793	466
4639	467
893	468
6823	469
3471	470
2856	471
9073	472
3986	473
4285	474
7234	475
9467	476
9441	477
782	478
7548	479
1237	480
6095	481
9371	482
7980	483
3180	484
9546	485
3650	486
9048	487
6543	488
6820	489
2680	490
9622	491
7104	492
5550	493
931	494
3361	495
1061	496
865	497
9552	498
8879	499
8044	500
6933	501
8456	502
118	503
6691	504
4961	505
3286	506
3334	507
2794	508
9685	509
428	510
8939	511
7133	512
3476	513
5367	514
6590	515
8105	516
4855	517
977	518
8790	519
394	520
202	521
6059	522
5051	523
569	524
6212	525
7580	526
7509	527
3914	528
7805	529
172	530
9652	531
4023	532
7139	533
8548	534
4297	535
2938	536
6950	537
1752	538
3188	539
7951	540
1352	541
5449	542
1282	543
9264	544
4877	545
5611	546
1124	547
518	548
5585	549
2917	550
3994	551
5176	552
5318	553
4930	554
6665	555
2387	556
7978	557
2665	558
7443	559
2839	560
9394	561
7673	562
8083	563
3294	564
2783	565
7416	566
8459	567
304	568
2425	569
1693	570
5767	571
2509	572
9600	573
1914	574
3851	575
1993	576
8440	577
1921	578
8549	579
303	580
6161	581
3260	582
97	583
3728	584
7381	585
3681	586
206	587
3014	588
2363	589
7791	590
6974	591
966	592
5340	593
465	594
7929	595
9606	596
8632	597
3173	598
5437	599
6845	600
1175	601
7265	602
3950	603
868	604
3483	605
8508	606
412	607
3013	608
9474	609
473	610
2753	611
4772	612
5768	613
8021	614
1368	615
5569	616
1935	617
6510	618
4809	619
2178	620
1958	621
7419	622
2667	623
2698	624
8457	625
1760	626
8523	627
3637	628
9506	629
1517	630
1231	631
6795	632
243	633
4712	634
3938	635
2969	636
6435	637
5170	638
2339	639
5536	640
21	641
2383	642
4392	643
1176	644
7578	645
2269	646
375	647
7351	648
3636	649
4075	650
1462	651
7239	652
3929	653
3903	654
7224	655
3100	656
2635	657
5353	658
7942	659
1638	660
5300	661
3807	662
5826	663
2075	664
6701	665
5745	666
7067	667
9581	668
4575	669
352	670
5137	671
9312	672
8915	673
6684	674
445	675
5623	676
7446	677
5131	678
1704	679
1843	680
2756	681
2751	682
4459	683
1379	684
7554	685
8064	686
5872	687
8813	688
6511	689
9026	690
5108	691
6377	692
8319	693
2412	694
7640	695
7830	696
8191	697
5729	698
4026	699
7223	700
6615	701
9488	702
8109	703
5134	704
5730	705
4398	706
4025	707
5100	708
6283	709
2477	710
8642	711
8556	712
2496	713
8634	714
7946	715
4800	716
7827	717
4960	718
4829	719
2397	720
6348	721
8312	722
6019	723
158	724
3201	725
7629	726
3595	727
3157	728
1888	729
4626	730
6293	731
1247	732
229	733
4665	734
9550	735
6234	736
6655	737
5901	738
127	739
4406	740
6005	741
8704	742
7563	743
1023	744
2563	745
969	746
1010	747
8922	748
9510	749
8629	750
4231	751
3263	752
8802	753
6439	754
3703	755
8411	756
4230	757
1753	758
2699	759
3746	760
4817	761
3678	762
5028	763
7415	764
5755	765
215	766
8764	767
411	768
5804	769
503	770
253	771
1011	772
4879	773
5876	774
6368	775
3753	776
9064	777
7306	778
4061	779
6517	780
240	781
2687	782
4434	783
9090	784
725	785
2248	786
7142	787
5133	788
7803	789
6022	790
3915	791
6850	792
6984	793
5528	794
8729	795
9084	796
6498	797
6688	798
6237	799
2350	800
4442	801
1464	802
5774	803
1033	804
8455	805
5811	806
1748	807
466	808
5183	809
4300	810
3955	811
1315	812
2985	813
1331	814
8343	815
8646	816
1780	817
765	818
6964	819
7178	820
2944	821
9439	822
6314	823
8286	824
6367	825
4187	826
2137	827
3709	828
3978	829
9280	830
8173	831
9377	832
5315	833
6332	834
5135	835
5258	836
3401	837
802	838
4497	839
2859	840
6834	841
2489	842
1556	843
4099	844
498	845
9528	846
1992	847
2754	848
3496	849
7884	850
9041	851
6097	852
1208	853
3210	854
4444	855
9562	856
1488	857
5240	858
3217	859
155	860
4750	861
434	862
8417	863
5803	864
6683	865
3631	866
8801	867
4180	868
3740	869
2166	870
9597	871
7013	872
8890	873
1528	874
9400	875
7891	876
4443	877
7135	878
1984	879
31	880
9484	881
5661	882
4037	883
3484	884
9591	885
1278	886
9056	887
7186	888
3027	889
9105	890
8521	891
3582	892
9710	893
536	894
7543	895
1046	896
4939	897
2312	898
9194	899
7583	900
12	901
9565	902
2497	903
8671	904
6364	905
988	906
2095	907
5382	908
9494	909
3669	910
1498	911
517	912
3243	913
2792	914
596	915
8410	916
3273	917
1351	918
5247	919
3529	920
7236	921
7822	922
4138	923
4838	924
4095	925
4884	926
9	927
2275	928
2345	929
6087	930
9147	931
8119	932
507	933
2262	934
1367	935
96	936
3239	937
2157	938
1750	939
5094	940
3874	941
5778	942
5895	943
156	944
8987	945
1951	946
8351	947
226	948
213	949
216	950
3932	951
4944	952
8584	953
2923	954
254	955
1420	956
4640	957
552	958
4160	959
2741	960
8897	961
6330	962
6102	963
3630	964
8265	965
6934	966
3571	967
8593	968
130	969
1184	970
5089	971
3353	972
1113	973
6726	974
4876	975
527	976
5780	977
4404	978
9479	979
65	980
4428	981
8310	982
967	983
887	984
9138	985
9077	986
1643	987
6021	988
68	989
6437	990
8752	991
9334	992
5656	993
3164	994
8349	995
7611	996
6573	997
2855	998
165	999
9568	1000
82	1001
217	1002
8405	1003
9696	1004
1096	1005
6486	1006
7984	1007
2685	1008
359	1009
6500	1010
4603	1011
6453	1012
4994	1013
2662	1014
2045	1015
2117	1016
7699	1017
6219	1018
8020	1019
8905	1020
4366	1021
6417	1022
4789	1023
3799	1024
9370	1025
5630	1026
4305	1027
1523	1028
8545	1029
7638	1030
4611	1031
7430	1032
6475	1033
6114	1034
90	1035
1922	1036
6969	1037
6929	1038
760	1039
8709	1040
6610	1041
79	1042
254	1043
2614	1044
8741	1045
542	1046
3289	1047
6287	1048
9316	1049
7841	1050
2959	1051
9339	1052
5509	1053
5487	1054
7412	1055
106	1056
9649	1057
8490	1058
1731	1059
106	1060
2838	1061
7716	1062
188	1063
633	1064
3611	1065
7261	1066
1349	1067
3837	1068
5410	1069
1000	1070
5329	1071
8564	1072
3464	1073
1996	1074
9146	1075
6007	1076
6310	1077
2029	1078
4017	1079
5641	1080
856	1081
2223	1082
8893	1083
2638	1084
5246	1085
2324	1086
5120	1087
2002	1088
5797	1089
622	1090
128	1091
6225	1092
3169	1093
124	1094
6029	1095
9421	1096
564	1097
2968	1098
7125	1099
9480	1100
1999	1101
8	1102
5347	1103
5946	1104
8466	1105
3614	1106
174	1107
4396	1108
8702	1109
650	1110
897	1111
5865	1112
8755	1113
8821	1114
2626	1115
3442	1116
6541	1117
3939	1118
9535	1119
2133	1120
3755	1121
2844	1122
735	1123
2565	1124
4668	1125
5032	1126
8907	1127
2495	1128
5583	1129
3820	1130
7979	1131
2494	1132
4842	1133
531	1134
2861	1135
871	1136
9331	1137
874	1138
6380	1139
4115	1140
116	1141
2708	1142
8442	1143
9004	1144
1675	1145
2257	1146
4201	1147
9475	1148
8761	1149
700	1150
1058	1151
3108	1152
5932	1153
7596	1154
4197	1155
6422	1156
9686	1157
1207	1158
9352	1159
345	1160
2972	1161
6848	1162
7685	1163
3773	1164
2239	1165
591	1166
3649	1167
5090	1168
2877	1169
3065	1170
3802	1171
6908	1172
3216	1173
7106	1174
4093	1175
1089	1176
7219	1177
4946	1178
2993	1179
1966	1180
5604	1181
3	1182
6907	1183
131	1184
161	1185
4658	1186
8094	1187
951	1188
3491	1189
1449	1190
4742	1191
58	1192
7245	1193
7790	1194
29	1195
2258	1196
3979	1197
7913	1198
4629	1199
15	1200
4993	1201
2313	1202
8984	1203
2217	1204
4169	1205
477	1206
8258	1207
6607	1208
9545	1209
8603	1210
77	1211
6184	1212
2624	1213
342	1214
9486	1215
4662	1216
670	1217
3776	1218
9123	1219
5948	1220
8098	1221
6086	1222
2683	1223
8958	1224
2193	1225
4704	1226
5364	1227
8904	1228
1964	1229
9567	1230
809	1231
2987	1232
7609	1233
9579	1234
4649	1235
4332	1236
4805	1237
5087	1238
2706	1239
6985	1240
3246	1241
6	1242
464	1243
2521	1244
7177	1245
296	1246
80	1247
7473	1248
5646	1249
9605	1250
3702	1251
409	1252
1538	1253
8758	1254
8770	1255
1163	1256
9076	1257
2056	1258
2016	1259
5056	1260
2103	1261
2097	1262
661	1263
505	1264
9412	1265
2952	1266
1114	1267
209	1268
5890	1269
2298	1270
1836	1271
2611	1272
595	1273
4522	1274
5171	1275
5896	1276
2311	1277
8512	1278
2778	1279
9311	1280
7111	1281
468	1282
403	1283
60	1284
6053	1285
5813	1286
7481	1287
1415	1288
6288	1289
6256	1290
5789	1291
6978	1292
9124	1293
8645	1294
2220	1295
8374	1296
2076	1297
8097	1298
4967	1299
6968	1300
7163	1301
3654	1302
176	1303
115	1304
8308	1305
4193	1306
9165	1307
379	1308
7310	1309
3282	1310
9631	1311
1969	1312
1002	1313
882	1314
2491	1315
4707	1316
9172	1317
8209	1318
4258	1319
8016	1320
225	1321
1615	1322
1564	1323
320	1324
3445	1325
6369	1326
486	1327
6805	1328
4843	1329
9187	1330
4321	1331
7172	1332
7463	1333
708	1334
2873	1335
789	1336
6584	1337
7264	1338
2402	1339
2557	1340
5993	1341
8624	1342
3177	1343
4310	1344
3266	1345
5791	1346
3007	1347
7034	1348
1146	1349
9519	1350
4450	1351
9407	1352
3578	1353
7064	1354
2168	1355
9322	1356
7769	1357
6644	1358
2441	1359
2436	1360
6717	1361
7229	1362
4521	1363
6711	1364
9137	1365
1886	1366
7256	1367
6140	1368
7497	1369
1290	1370
8562	1371
8427	1372
3599	1373
9378	1374
6970	1375
5173	1376
1525	1377
6350	1378
2503	1379
8241	1380
1310	1381
7255	1382
7324	1383
2240	1384
651	1385
4314	1386
1727	1387
6904	1388
9639	1389
3050	1390
5634	1391
6412	1392
5541	1393
4467	1394
2064	1395
3687	1396
7292	1397
646	1398
2256	1399
8216	1400
4739	1401
6811	1402
6528	1403
7474	1404
5526	1405
2627	1406
846	1407
8039	1408
5573	1409
679	1410
3942	1411
3221	1412
6045	1413
48	1414
3010	1415
13	1416
42	1417
3723	1418
4488	1419
2504	1420
2053	1421
8635	1422
4121	1423
4319	1424
4553	1425
103	1426
2181	1427
278	1428
4134	1429
3852	1430
1775	1431
1142	1432
480	1433
9358	1434
3987	1435
1598	1436
145	1437
1636	1438
7	1439
5814	1440
5368	1441
9576	1442
4975	1443
5206	1444
6362	1445
4218	1446
1732	1447
6202	1448
4216	1449
7646	1450
9230	1451
1799	1452
33	1453
7252	1454
703	1455
8243	1456
5048	1457
1450	1458
4104	1459
9637	1460
10	1461
221	1462
6849	1463
3077	1464
4955	1465
4205	1466
516	1467
1627	1468
4426	1469
6547	1470
3489	1471
1139	1472
9561	1473
1939	1474
8648	1475
4674	1476
6366	1477
7220	1478
1883	1479
4127	1480
7782	1481
9497	1482
5762	1483
44	1484
7732	1485
1244	1486
6378	1487
5248	1488
2553	1489
4634	1490
5981	1491
7993	1492
9036	1493
1521	1494
3900	1495
3276	1496
2358	1497
7925	1498
1777	1499
151	1500
3925	1501
8871	1502
5547	1503
1733	1504
685	1505
3060	1506
3995	1507
5253	1508
8809	1509
1581	1510
7	1511
70	1512
1579	1513
7981	1514
1189	1515
7	1516
8511	1517
3921	1518
3559	1519
4827	1520
3696	1521
21	1522
5008	1523
742	1524
2964	1525
6913	1526
8231	1527
873	1528
3440	1529
4424	1530
7305	1531
3330	1532
336	1533
6008	1534
2940	1535
7969	1536
3918	1537
2438	1538
5912	1539
3883	1540
9213	1541
2190	1542
1501	1543
5021	1544
3307	1545
1471	1546
7661	1547
72	1548
1091	1549
5781	1550
5609	1551
8673	1552
4054	1553
7228	1554
5539	1555
705	1556
437	1557
2568	1558
1063	1559
6559	1560
3337	1561
5595	1562
7686	1563
3957	1564
1897	1565
1168	1566
1898	1567
2347	1568
1373	1569
5252	1570
7989	1571
4251	1572
9143	1573
4722	1574
8578	1575
4053	1576
5144	1577
293	1578
6224	1579
8829	1580
1608	1581
7407	1582
5333	1583
2755	1584
9501	1585
2722	1586
806	1587
1475	1588
7651	1589
1393	1590
3524	1591
280	1592
6788	1593
6495	1594
6253	1595
1369	1596
4778	1597
9594	1598
2246	1599
7785	1600
1648	1601
539	1602
8636	1603
3724	1604
9263	1605
6067	1606
6398	1607
9235	1608
2513	1609
316	1610
3586	1611
3827	1612
7961	1613
1726	1614
7983	1615
1306	1616
7713	1617
6205	1618
1846	1619
864	1620
6625	1621
784	1622
1506	1623
7089	1624
656	1625
7313	1626
2031	1627
121	1628
5507	1629
7907	1630
4856	1631
6158	1632
6427	1633
833	1634
7153	1635
2980	1636
7730	1637
98	1638
3191	1639
5818	1640
7659	1641
5405	1642
9260	1643
74	1644
4954	1645
911	1646
5275	1647
2213	1648
5720	1649
2550	1650
3680	1651
105	1652
2304	1653
5111	1654
4290	1655
8460	1656
7551	1657
8516	1658
1653	1659
7771	1660
6736	1661
1959	1662
7249	1663
421	1664
8980	1665
1372	1666
9354	1667
7170	1668
7619	1669
9225	1670
6784	1671
8628	1672
3450	1673
638	1674
3447	1675
8329	1676
5517	1677
3299	1678
3317	1679
4933	1680
1514	1681
167	1682
3448	1683
6499	1684
2471	1685
6552	1686
8281	1687
901	1688
5942	1689
2492	1690
6492	1691
4601	1692
8461	1693
8705	1694
3591	1695
2646	1696
1543	1697
7947	1698
103	1699
8252	1700
8561	1701
1552	1702
3480	1703
6294	1704
6616	1705
1398	1706
1842	1707
8085	1708
3956	1709
5042	1710
1248	1711
525	1712
7387	1713
578	1714
1161	1715
8833	1716
1157	1717
7890	1718
4764	1719
1389	1720
2775	1721
12	1722
1720	1723
2052	1724
4403	1725
205	1726
1087	1727
5472	1728
338	1729
8509	1730
9267	1731
8180	1732
5601	1733
984	1734
522	1735
3088	1736
8747	1737
3729	1738
5295	1739
6063	1740
5269	1741
2365	1742
2459	1743
8367	1744
543	1745
4953	1746
8364	1747
4852	1748
8806	1749
3854	1750
5870	1751
7888	1752
7689	1753
4152	1754
334	1755
8360	1756
991	1757
6470	1758
7745	1759
3133	1760
7183	1761
1348	1762
40	1763
1326	1764
1187	1765
939	1766
3845	1767
8967	1768
6975	1769
1746	1770
1797	1771
9347	1772
4345	1773
4238	1774
3119	1775
418	1776
5336	1777
3237	1778
1054	1779
8419	1780
3354	1781
753	1782
1120	1783
4818	1784
2148	1785
2264	1786
4220	1787
2666	1788
5153	1789
6634	1790
2603	1791
6882	1792
1387	1793
2295	1794
4598	1795
8670	1796
4176	1797
9706	1798
153	1799
6637	1800
4948	1801
8426	1802
5069	1803
8612	1804
48	1805
2186	1806
5394	1807
2274	1808
2334	1809
9022	1810
850	1811
9314	1812
8040	1813
2461	1814
4462	1815
8520	1816
4979	1817
632	1818
826	1819
9693	1820
5068	1821
4931	1822
8543	1823
5529	1824
5798	1825
2004	1826
8316	1827
2710	1828
203	1829
3815	1830
2378	1831
1446	1832
2453	1833
4387	1834
3813	1835
5831	1836
7284	1837
8815	1838
594	1839
5670	1840
2763	1841
4246	1842
435	1843
2727	1844
7529	1845
2823	1846
5931	1847
4232	1848
4326	1849
3223	1850
2088	1851
5242	1852
6255	1853
7447	1854
9525	1855
757	1856
9667	1857
8359	1858
952	1859
73	1860
3917	1861
5624	1862
1810	1863
2927	1864
2902	1865
4747	1866
3920	1867
1511	1868
7286	1869
8771	1870
6917	1871
1508	1872
2562	1873
4503	1874
6386	1875
7344	1876
4475	1877
3943	1878
2368	1879
7901	1880
2777	1881
4730	1882
6472	1883
3805	1884
8655	1885
1919	1886
1141	1887
8804	1888
1864	1889
3554	1890
6909	1891
5628	1892
2297	1893
8278	1894
5136	1895
8479	1896
4262	1897
9668	1898
382	1899
6089	1900
2897	1901
1807	1902
2180	1903
6902	1904
3862	1905
6840	1906
4667	1907
8217	1908
211	1909
6041	1910
5491	1911
6262	1912
5800	1913
2591	1914
3720	1915
3472	1916
9061	1917
3198	1918
2250	1919
1786	1920
6575	1921
3901	1922
9328	1923
1900	1924
7260	1925
3368	1926
47	1927
4646	1928
3522	1929
5034	1930
7844	1931
6578	1932
4354	1933
4544	1934
328	1935
3814	1936
8826	1937
8950	1938
5984	1939
794	1940
7828	1941
6173	1942
194	1943
93	1944
4551	1945
4587	1946
8604	1947
2932	1948
3910	1949
5047	1950
1737	1951
4761	1952
8689	1953
187	1954
2261	1955
1350	1956
4526	1957
32	1958
9610	1959
4729	1960
7359	1961
9676	1962
3581	1963
4523	1964
1761	1965
6611	1966
1826	1967
6983	1968
7857	1969
7802	1970
3452	1971
9269	1972
6503	1973
2259	1974
4353	1975
9571	1976
6391	1977
4632	1978
3824	1979
8242	1980
7317	1981
6028	1982
4581	1983
7880	1984
291	1985
300	1986
6431	1987
5451	1988
4937	1989
4468	1990
5198	1991
5886	1992
4184	1993
7704	1994
2827	1995
1949	1996
5645	1997
6214	1998
2356	1999
5230	2000
6419	2001
1635	2002
9705	2003
7126	2004
274	2005
6592	2006
1863	2007
576	2008
3762	2009
8926	2010
7090	2011
2946	2012
231	2013
5794	2014
4020	2015
9027	2016
5261	2017
8552	2018
2943	2019
4306	2020
5213	2021
1137	2022
6676	2023
7776	2024
1870	2025
7812	2026
495	2027
2612	2028
510	2029
4623	2030
2942	2031
8966	2032
9079	2033
9587	2034
5428	2035
598	2036
8669	2037
9438	2038
6101	2039
3147	2040
3580	2041
4672	2042
6359	2043
9477	2044
5102	2045
1913	2046
6534	2047
422	2048
2107	2049
6780	2050
9599	2051
6963	2052
8338	2053
2140	2054
6829	2055
1719	2056
6113	2057
2125	2058
3318	2059
7938	2060
9286	2061
6698	2062
38	2063
4883	2064
7628	2065
9539	2066
8430	2067
5802	2068
9603	2069
4737	2070
5874	2071
5899	2072
9326	2073
4677	2074
7052	2075
3234	2076
3643	2077
8831	2078
9017	2079
2214	2080
4549	2081
146	2082
2409	2083
3408	2084
200	2085
7092	2086
6755	2087
1814	2088
1467	2089
1495	2090
4469	2091
188	2092
3830	2093
4240	2094
9663	2095
3999	2096
3704	2097
6509	2098
7131	2099
8340	2100
4613	2101
6973	2102
3688	2103
1715	2104
5215	2105
7103	2106
1321	2107
4987	2108
959	2109
2437	2110
5888	2111
4028	2112
8139	2113
8081	2114
4595	2115
2141	2116
2991	2117
5369	2118
1809	2119
615	2120
8784	2121
256	2122
4825	2123
478	2124
2552	2125
2872	2126
5838	2127
4087	2128
1069	2129
730	2130
1645	2131
270	2132
5395	2133
4776	2134
7003	2135
4602	2136
7487	2137
5687	2138
2981	2139
9253	2140
8091	2141
7159	2142
4902	2143
1560	2144
6663	2145
8660	2146
124	2147
4659	2148
9014	2149
9669	2150
8344	2151
5026	2152
7512	2153
3985	2154
3517	2155
3224	2156
9128	2157
212	2158
6626	2159
7856	2160
3899	2161
3924	2162
3840	2163
7194	2164
4257	2165
4909	2166
3664	2167
971	2168
7817	2169
5965	2170
9069	2171
4952	2172
8726	2173
6122	2174
1003	2175
8445	2176
5282	2177
3124	2178
57	2179
4651	2180
5599	2181
5349	2182
3247	2183
104	2184
7038	2185
8244	2186
1118	2187
9645	2188
9533	2189
231	2190
4001	2191
3969	2192
6278	2193
5485	2194
5000	2195
6646	2196
8	2197
5290	2198
9227	2199
9427	2200
2415	2201
3163	2202
56	2203
8415	2204
9374	2205
163	2206
6776	2207
5079	2208
800	2209
9593	2210
4713	2211
218	2212
1232	2213
581	2214
8633	2215
7459	2216
9368	2217
3583	2218
1923	2219
1051	2220
9673	2221
3623	2222
6530	2223
4813	2224
945	2225
185	2226
2384	2227
4273	2228
7417	2229
9315	2230
5423	2231
6239	2232
2625	2233
2320	2234
9379	2235
6192	2236
3621	2237
6345	2238
7555	2239
3037	2240
1192	2241
4996	2242
4357	2243
4255	2244
8345	2245
6397	2246
1630	2247
3988	2248
9083	2249
912	2250
8007	2251
4044	2252
4518	2253
3545	2254
2090	2255
4826	2256
6120	2257
1289	2258
5976	2259
3412	2260
5837	2261
5001	2262
8723	2263
6535	2264
6843	2265
3105	2266
3683	2267
1194	2268
8047	2269
3357	2270
1197	2271
6922	2272
1532	2273
2936	2274
740	2275
1970	2276
2809	2277
1274	2278
7810	2279
2114	2280
7191	2281
2390	2282
7944	2283
3410	2284
8476	2285
210	2286
3646	2287
5735	2288
4968	2289
5389	2290
5483	2291
1757	2292
9466	2293
838	2294
6948	2295
2149	2296
8294	2297
3855	2298
6340	2299
5667	2300
7434	2301
3847	2302
2772	2303
3639	2304
245	2305
3218	2306
7061	2307
1808	2308
1341	2309
4682	2310
331	2311
5891	2312
8412	2313
168	2314
2868	2315
3653	2316
7530	2317
6163	2318
1067	2319
8742	2320
8060	2321
6781	2322
2531	2323
8152	2324
2435	2325
584	2326
4541	2327
537	2328
201	2329
579	2330
780	2331
1646	2332
5657	2333
4956	2334
237	2335
5633	2336
528	2337
3577	2338
5676	2339
7692	2340
1028	2341
1402	2342
5982	2343
7887	2344
9159	2345
4281	2346
6835	2347
9548	2348
5531	2349
372	2350
2294	2351
7921	2352
3421	2353
109	2354
9551	2355
8616	2356
7050	2357
6469	2358
7974	2359
2879	2360
1116	2361
7331	2362
5355	2363
2007	2364
2545	2365
25	2366
3897	2367
9154	2368
3109	2369
5033	2370
1218	2371
4820	2372
3170	2373
8559	2374
3272	2375
580	2376
8816	2377
5524	2378
2510	2379
546	2380
7205	2381
1090	2382
3487	2383
1286	2384
2046	2385
3156	2386
9221	2387
2527	2388
3798	2389
5454	2390
83	2391
3031	2392
9191	2393
618	2394
7557	2395
1531	2396
5452	2397
5178	2398
6479	2399
1982	2400
3089	2401
4391	2402
3016	2403
5577	2404
5525	2405
153	2406
3984	2407
8818	2408
1902	2409
3186	2410
5010	2411
5568	2412
3906	2413
457	2414
1183	2415
171	2416
1074	2417
7175	2418
8424	2419
487	2420
6525	2421
244	2422
8406	2423
5	2424
3641	2425
8492	2426
436	2427
9558	2428
9462	2429
2780	2430
3183	2431
7501	2432
1140	2433
2575	2434
5088	2435
8989	2436
2863	2437
2176	2438
9602	2439
8544	2440
848	2441
7347	2442
8983	2443
4782	2444
3316	2445
1400	2446
3684	2447
4938	2448
8998	2449
3870	2450
3886	2451
8580	2452
8517	2453
2277	2454
6888	2455
5704	2456
9074	2457
8857	2458
9196	2459
913	2460
9045	2461
5458	2462
9491	2463
9695	2464
8943	2465
9327	2466
263	2467
4664	2468
8637	2469
8538	2470
4241	2471
6392	2472
3788	2473
7099	2474
5841	2475
8811	2476
4343	2477
1725	2478
8480	2479
4440	2480
1500	2481
9564	2482
791	2483
4076	2484
8909	2485
3791	2486
680	2487
3928	2488
3822	2489
4002	2490
4661	2491
5773	2492
619	2493
7752	2494
7706	2495
5091	2496
4671	2497
6799	2498
9529	2499
1339	2500
9459	2501
9651	2502
136	2503
8672	2504
3774	2505
36	2506
5292	2507
3167	2508
1159	2509
8921	2510
5058	2511
8594	2512
1167	2513
7518	2514
5345	2515
3528	2516
669	2517
9612	2518
6299	2519
8182	2520
6710	2521
8542	2522
3194	2523
9641	2524
3107	2525
9629	2526
7409	2527
7248	2528
94	2529
6949	2530
4487	2531
1844	2532
2081	2533
7992	2534
6066	2535
4003	2536
592	2537
4077	2538
5239	2539
1222	2540
4928	2541
545	2542
9609	2543
4822	2544
9502	2545
8647	2546
2669	2547
7048	2548
4723	2549
8618	2550
1929	2551
6537	2552
928	2553
3249	2554
4749	2555
4681	2556
146	2557
7197	2558
8626	2559
610	2560
2830	2561
7024	2562
6508	2563
7182	2564
324	2565
263	2566
4192	2567
9281	2568
2225	2569
7688	2570
251	2571
4870	2572
1138	2573
2319	2574
2121	2575
6551	2576
6937	2577
7764	2578
4607	2579
9541	2580
5041	2581
7328	2582
6363	2583
8630	2584
923	2585
7033	2586
6482	2587
4904	2588
7720	2589
5447	2590
6064	2591
3397	2592
1234	2593
4008	2594
3500	2595
80	2596
7028	2597
4031	2598
6313	2599
6774	2600
942	2601
7703	2602
70	2603
2508	2604
5990	2605
8819	2606
6186	2607
7110	2608
9111	2609
2119	2610
8735	2611
4172	2612
4393	2613
8951	2614
533	2615
5286	2616
3411	2617
7241	2618
6681	2619
9038	2620
4436	2621
4094	2622
266	2623
1296	2624
5908	2625
3575	2626
2535	2627
204	2628
5342	2629
122	2630
9245	2631
6516	2632
88	2633
859	2634
5085	2635
3777	2636
3935	2637
7198	2638
9249	2639
1014	2640
1756	2641
2093	2642
5302	2643
660	2644
2364	2645
854	2646
2906	2647
812	2648
5691	2649
8256	2650
168	2651
7451	2652
9210	2653
6569	2654
9375	2655
2306	2656
2615	2657
6962	2658
7382	2659
1576	2660
4189	2661
3573	2662
7511	2663
4964	2664
2771	2665
8355	2666
4304	2667
161	2668
268	2669
2948	2670
18	2671
3151	2672
6669	2673
5806	2674
2516	2675
3931	2676
2725	2677
6316	2678
3828	2679
3127	2680
3710	2681
2349	2682
6915	2683
1740	2684
7476	2685
3527	2686
4452	2687
7839	2688
4511	2689
8327	2690
95	2691
5703	2692
4496	2693
5589	2694
286	2695
8860	2696
4642	2697
5992	2698
9701	2699
6806	2700
7192	2701
7039	2702
6740	2703
4895	2704
4510	2705
674	2706
5218	2707
5535	2708
997	2709
6536	2710
5552	2711
5867	2712
1823	2713
5250	2714
1180	2715
8748	2716
574	2717
7086	2718
7531	2719
117	2720
9601	2721
7696	2722
5705	2723
4920	2724
6300	2725
4229	2726
4182	2727
4227	2728
5594	2729
2212	2730
8759	2731
6545	2732
5326	2733
6967	2734
4397	2735
8401	2736
1271	2737
2835	2738
2548	2739
2325	2740
8059	2741
9414	2742
8710	2743
993	2744
9470	2745
7491	2746
1193	2747
9231	2748
7457	2749
4265	2750
7693	2751
5771	2752
6280	2753
6233	2754
5615	2755
1633	2756
4079	2757
5190	2758
1894	2759
4724	2760
4980	2761
7083	2762
1943	2763
7725	2764
101	2765
2139	2766
246	2767
2770	2768
479	2769
3351	2770
4780	2771
1599	2772
2062	2773
2050	2774
4501	2775
2301	2776
5629	2777
9704	2778
1928	2779
5147	2780
4078	2781
5714	2782
5371	2783
8394	2784
1300	2785
5281	2786
8123	2787
491	2788
8668	2789
7466	2790
7258	2791
6138	2792
5659	2793
2173	2794
9540	2795
1329	2796
3463	2797
6326	2798
801	2799
8465	2800
9448	2801
8298	2802
692	2803
4492	2804
6155	2805
7906	2806
2400	2807
1223	2808
816	2809
4570	2810
4871	2811
1834	2812
3184	2813
5709	2814
1659	2815
2880	2816
9234	2817
8275	2818
9711	2819
863	2820
8363	2821
1036	2822
1224	2823
7420	2824
9656	2825
6176	2826
1747	2827
2199	2828
6837	2829
2530	2830
9178	2831
5046	2832
4320	2833
8225	2834
9348	2835
6232	2836
9445	2837
8999	2838
130	2839
8667	2840
7962	2841
1056	2842
3888	2843
3355	2844
7525	2845
9266	2846
7468	2847
5639	2848
55	2849
2935	2850
7911	2851
7070	2852
5370	2853
562	2854
3881	2855
302	2856
8644	2857
46	2858
6515	2859
3759	2860
2340	2861
7794	2862
1384	2863
8927	2864
8532	2865
5148	2866
3029	2867
5700	2868
1346	2869
9646	2870
178	2871
6532	2872
6301	2873
1185	2874
7233	2875
7176	2876
7179	2877
8030	2878
8057	2879
4056	2880
1144	2881
120	2882
6199	2883
1741	2884
7763	2885
1026	2886
8434	2887
7388	2888
3896	2889
9694	2890
4494	2891
1983	2892
7521	2893
156	2894
8666	2895
7293	2896
6759	2897
6331	2898
3001	2899
6635	2900
3099	2901
6571	2902
5532	2903
167	2904
8954	2905
4030	2906
2147	2907
8274	2908
4109	2909
9406	2910
1333	2911
6668	2912
12	2913
2747	2914
4153	2915
7750	2916
7695	2917
7073	2918
2263	2919
567	2920
4453	2921
5297	2922
140	2923
1905	2924
2862	2925
8210	2926
7642	2927
223	2928
3439	2929
37	2930
1629	2931
9043	2932
3676	2933
1375	2934
1092	2935
6881	2936
1434	2937
8023	2938
7882	2939
6796	2940
1953	2941
9341	2942
6365	2943
4513	2944
8501	2945
7945	2946
83	2947
4476	2948
6090	2949
129	2950
6169	2951
3989	2952
5503	2953
7948	2954
2407	2955
34	2956
4097	2957
1260	2958
1738	2959
9055	2960
7754	2961
7604	2962
8454	2963
2922	2964
6838	2965
235	2966
799	2967
7806	2968
6308	2969
8924	2970
7453	2971
6429	2972
4086	2973
1463	2974
1833	2975
9319	2976
9141	2977
3736	2978
6674	2979
6	2980
3061	2981
2488	2982
1912	2983
4005	2984
7095	2985
5649	2986
9500	2987
5644	2988
5298	2989
5386	2990
2574	2991
1845	2992
7479	2993
1047	2994
7390	2995
5471	2996
3893	2997
1357	2998
4951	2999
1366	3000
1988	3001
6108	3002
4245	3003
5145	3004
749	3005
3328	3006
1123	3007
85	3008
9261	3009
1790	3010
8497	3011
4146	3012
137	3013
1340	3014
1166	3015
7290	3016
6157	3017
6424	3018
2009	3019
233	3020
9309	3021
8953	3022
702	3023
8220	3024
4891	3025
4619	3026
78	3027
2008	3028
2748	3029
2429	3030
2569	3031
614	3032
6856	3033
6621	3034
4837	3035
943	3036
8865	3037
1544	3038
6145	3039
493	3040
2529	3041
6178	3042
4890	3043
1589	3044
5418	3045
5193	3046
1877	3047
2947	3048
9082	3049
1287	3050
6020	3051
4082	3052
5377	3053
4267	3054
8444	3055
132	3056
8514	3057
8832	3058
5221	3059
9122	3060
63	3061
3751	3062
687	3063
8212	3064
1887	3065
3064	3066
4983	3067
1397	3068
3083	3069
446	3070
4648	3071
695	3072
5207	3073
1293	3074
6105	3075
1309	3076
322	3077
8870	3078
2520	3079
31	3080
2100	3081
8852	3082
7403	3083
3488	3084
1392	3085
3455	3086
3974	3087
6259	3088
3292	3089
741	3090
17	3091
4770	3092
3018	3093
5174	3094
6760	3095
5312	3096
2401	3097
228	3098
253	3099
7793	3100
1382	3101
1513	3102
2546	3103
9687	3104
6052	3105
8077	3106
5610	3107
6034	3108
9537	3109
979	3110
8507	3111
1445	3112
2028	3113
282	3114
5365	3115
3971	3116
7917	3117
9434	3118
2556	3119
6958	3120
6524	3121
4108	3122
2085	3123
9345	3124
3962	3125
7471	3126
7780	3127
8	3128
415	3129
3675	3130
5682	3131
4656	3132
3187	3133
7516	3134
3887	3135
4210	3136
9544	3137
164	3138
2153	3139
5805	3140
4970	3141
8844	3142
270	3143
6156	3144
7964	3145
3414	3146
407	3147
1934	3148
4	3149
4277	3150
803	3151
2105	3152
7486	3153
123	3154
9202	3155
399	3156
7005	3157
1125	3158
9482	3159
903	3160
4293	3161
3407	3162
2393	3163
1441	3164
4755	3165
5586	3166
7243	3167
3626	3168
62	3169
3176	3170
663	3171
6713	3172
194	3173
7072	3174
523	3175
5923	3176
8957	3177
7871	3178
7144	3179
1587	3180
5986	3181
5063	3182
2926	3183
5044	3184
8177	3185
8805	3186
4198	3187
5621	3188
714	3189
4163	3190
5939	3191
97	3192
3038	3193
1381	3194
497	3195
5562	3196
1134	3197
8968	3198
4367	3199
5744	3200
236	3201
1497	3202
3422	3203
7623	3204
1158	3205
5549	3206
3657	3207
4015	3208
3811	3209
7270	3210
6855	3211
8952	3212
8877	3213
7816	3214
1769	3215
4655	3216
6865	3217
4597	3218
3982	3219
662	3220
9401	3221
7866	3222
9277	3223
8934	3224
2820	3225
8302	3226
4098	3227
4051	3228
3505	3229
6821	3230
5836	3231
6778	3232
8856	3233
3697	3234
2609	3235
2475	3236
5071	3237
5635	3238
3856	3239
5279	3240
4589	3241
5277	3242
4294	3243
2307	3244
3934	3245
8572	3246
2352	3247
2571	3248
4563	3249
729	3250
1663	3251
986	3252
4793	3253
796	3254
783	3255
7534	3256
8868	3257
1337	3258
5765	3259
5952	3260
8377	3261
9351	3262
2299	3263
7726	3264
3556	3265
1383	3266
5159	3267
6947	3268
8945	3269
7253	3270
5346	3271
7240	3272
1121	3273
8138	3274
4344	3275
8117	3276
2560	3277
1729	3278
3686	3279
690	3280
8992	3281
1338	3282
6460	3283
1714	3284
5930	3285
3251	3286
3391	3287
5420	3288
3863	3289
191	3290
7775	3291
1841	3292
2456	3293
2705	3294
1480	3295
4531	3296
3825	3297
8708	3298
141	3299
3110	3300
7781	3301
63	3302
658	3303
6750	3304
6521	3305
6488	3306
8513	3307
7564	3308
2688	3309
4060	3310
1059	3311
4804	3312
6643	3313
7819	3314
4609	3315
8290	3316
4427	3317
6790	3318
3695	3319
8608	3320
6267	3321
420	3322
3144	3323
2950	3324
4381	3325
8933	3326
2396	3327
3244	3328
5399	3329
9300	3330
8830	3331
5322	3332
8283	3333
683	3334
5817	3335
7366	3336
5304	3337
330	3338
5040	3339
4719	3340
5050	3341
7840	3342
822	3343
1182	3344
176	3345
11	3346
891	3347
3663	3348
9628	3349
7743	3350
5966	3351
7031	3352
4794	3353
5922	3354
6932	3355
8910	3356
7250	3357
8589	3358
7753	3359
881	3360
6682	3361
5031	3362
8807	3363
9032	3364
7389	3365
429	3366
9387	3367
2696	3368
5393	3369
3919	3370
4900	3371
4221	3372
4346	3373
7528	3374
3427	3375
6739	3376
5073	3377
6242	3378
6586	3379
2890	3380
2540	3381
775	3382
9296	3383
1154	3384
5563	3385
501	3386
1652	3387
8938	3388
4209	3389
7202	3390
4564	3391
5228	3392
8422	3393
2920	3394
1448	3395
3305	3396
1199	3397
1165	3398
9007	3399
8607	3400
1522	3401
5591	3402
7207	3403
3481	3404
5625	3405
135	3406
6572	3407
1632	3408
3922	3409
6527	3410
2080	3411
4957	3412
489	3413
8218	3414
4721	3415
4774	3416
2584	3417
8453	3418
102	3419
7188	3420
8778	3421
7598	3422
3493	3423
11	3424
4084	3425
3784	3426
2266	3427
9197	3428
1978	3429
6990	3430
1858	3431
6048	3432
1323	3433
5398	3434
4014	3435
4472	3436
8696	3437
3966	3438
3128	3439
8409	3440
4282	3441
9112	3442
2967	3443
8102	3444
1332	3445
4936	3446
1906	3447
20	3448
3692	3449
3519	3450
5331	3451
6245	3452
3046	3453
4849	3454
8851	3455
6773	3456
1749	3457
2159	3458
225	3459
20	3460
8611	3461
4591	3462
3428	3463
1817	3464
8194	3465
4448	3466
2937	3467
3116	3468
2995	3469
4042	3470
608	3471
1723	3472
1336	3473
1967	3474
635	3475
7319	3476
6752	3477
431	3478
4212	3479
6420	3480
5732	3481
4545	3482
7433	3483
4766	3484
4166	3485
3566	3486
8869	3487
6733	3488
2184	3489
4643	3490
8788	3491
3628	3492
4577	3493
9188	3494
7492	3495
8306	3496
1974	3497
8993	3498
820	3499
4474	3500
241	3501
9325	3502
1136	3503
8679	3504
5511	3505
1664	3506
4746	3507
6895	3508
4757	3509
9493	3510
8627	3511
9654	3512
267	3513
7185	3514
1515	3515
895	3516
7345	3517
5172	3518
4083	3519
8780	3520
4143	3521
9126	3522
7813	3523
212	3524
7318	3525
4941	3526
5260	3527
7667	3528
7016	3529
1476	3530
396	3531
8393	3532
4631	3533
4610	3534
6557	3535
9363	3536
1048	3537
526	3538
5580	3539
4400	3540
5920	3541
7267	3542
8526	3543
6981	3544
4378	3545
3479	3546
4608	3547
7187	3548
8012	3549
6117	3550
6038	3551
819	3552
3113	3553
7037	3554
1885	3555
5043	3556
6151	3557
3436	3558
9256	3559
5259	3560
5499	3561
8135	3562
5467	3563
2455	3564
8997	3565
87	3566
7682	3567
4483	3568
713	3569
152	3570
3311	3571
7783	3572
3560	3573
4034	3574
6320	3575
7854	3576
1631	3577
7919	3578
3564	3579
2111	3580
6152	3581
7832	3582
1024	3583
7767	3584
9509	3585
3106	3586
9689	3587
7668	3588
2421	3589
2	3590
5306	3591
1317	3592
9189	3593
3594	3594
1917	3595
4211	3596
538	3597
5433	3598
9220	3599
1705	3600
2126	3601
6147	3602
4383	3603
6953	3604
7282	3605
1512	3606
6137	3607
9577	3608
8733	3609
3869	3610
4833	3611
9560	3612
7568	3613
8638	3614
7160	3615
3677	3616
5231	3617
8560	3618
8153	3619
9166	3620
8324	3621
5351	3622
7461	3623
9672	3624
8505	3625
9583	3626
9293	3627
5328	3628
59	3629
45	3630
5879	3631
5997	3632
9674	3633
36	3634
3377	3635
9542	3636
4347	3637
2628	3638
6689	3639
9204	3640
8791	3641
3298	3642
2219	3643
719	3644
6292	3645
227	3646
5118	3647
2055	3648
3562	3649
5829	3650
2641	3651
628	3652
6617	3653
6388	3654
2039	3655
6959	3656
9114	3657
805	3658
8962	3659
5904	3660
9384	3661
5889	3662
1452	3663
4358	3664
5411	3665
1829	3666
2893	3667
4408	3668
1686	3669
22	3670
2738	3671
3474	3672
2806	3673
13	3674
8269	3675
1678	3676
7727	3677
8311	3678
5738	3679
3518	3680
7375	3681
6384	3682
6604	3683
511	3684
3732	3685
8782	3686
5688	3687
7426	3688
2649	3689
4399	3690
8763	3691
5770	3692
9117	3693
3230	3694
8296	3695
8975	3696
390	3697
6529	3698
3535	3699
8164	3700
7393	3701
8009	3702
2891	3703
8937	3704
6785	3705
2134	3706
915	3707
1860	3708
8369	3709
4792	3710
9595	3711
2241	3712
2903	3713
7624	3714
561	3715
2842	3716
2821	3717
9574	3718
8756	3719
362	3720
6831	3721
4798	3722
4174	3723
5911	3724
6246	3725
1997	3726
2670	3727
4482	3728
3701	3729
3642	3730
2889	3731
1785	3732
8525	3733
107	3734
2063	3735
6633	3736
5251	3737
620	3738
3622	3739
5009	3740
1128	3741
7733	3742
107	3743
9664	3744
3241	3745
6808	3746
393	3747
1204	3748
2132	3749
7156	3750
8090	3751
4831	3752
631	3753
3190	3754
5739	3755
2361	3756
2840	3757
5689	3758
8684	3759
4415	3760
6693	3761
8872	3762
2244	3763
7435	3764
5276	3765
3909	3766
7329	3767
7022	3768
2314	3769
272	3770
4974	3771
3345	3772
7307	3773
704	3774
3936	3775
5189	3776
9342	3777
3338	3778
1347	3779
309	3780
5943	3781
2381	3782
2644	3783
5020	3784
4775	3785
3836	3786
9310	3787
5852	3788
2850	3789
4978	3790
7513	3791
6873	3792
6024	3793
1676	3794
2216	3795
3362	3796
7625	3797
1588	3798
5785	3799
1572	3800
2120	3801
1496	3802
2928	3803
9184	3804
6487	3805
5216	3806
9179	3807
4144	3808
7330	3809
2170	3810
8145	3811
261	3812
3884	3813
1776	3814
5512	3815
1404	3816
5945	3817
6446	3818
1435	3819
9081	3820
1554	3821
7440	3822
2577	3823
4334	3824
2630	3825
49	3826
2293	3827
1600	3828
4865	3829
7009	3830
4272	3831
5403	3832
6379	3833
9684	3834
481	3835
193	3836
8250	3837
4734	3838
4787	3839
9088	3840
9472	3841
4247	3842
6033	3843
5197	3844
1428	3845
9198	3846
7540	3847
1045	3848
3809	3849
6104	3850
5962	3851
2357	3852
7647	3853
7870	3854
909	3855
5545	3856
3232	3857
5927	3858
4058	3859
1703	3860
8944	3861
6690	3862
8389	3863
9085	3864
8859	3865
2963	3866
6892	3867
5989	3868
8849	3869
4576	3870
1240	3871
1097	3872
5128	3873
5317	3874
7526	3875
9495	3876
2231	3877
698	3878
8315	3879
2156	3880
1483	3881
4119	3882
630	3883
4471	3884
5352	3885
4566	3886
2432	3887
3744	3888
55	3889
201	3890
9643	3891
8803	3892
6010	3893
7898	3894
2	3895
7232	3896
772	3897
1944	3898
380	3899
101	3900
4650	3901
4673	3902
5598	3903
7985	3904
8323	3905
1759	3906
261	3907
1202	3908
5522	3909
9125	3910
2636	3911
6757	3912
3444	3913
3424	3914
5518	3915
9121	3916
1952	3917
2618	3918
140	3919
968	3920
3960	3921
7690	3922
9228	3923
7990	3924
2542	3925
8467	3926
8043	3927
3662	3928
3655	3929
1491	3930
2242	3931
134	3932
6445	3933
1220	3934
9590	3935
7467	3936
6712	3937
8342	3938
147	3939
3698	3940
8282	3941
8583	3942
5158	3943
199	3944
4669	3945
2192	3946
8540	3947
6877	3948
4504	3949
4090	3950
2254	3951
8573	3952
8088	3953
3162	3954
3892	3955
1903	3956
8443	3957
7120	3958
266	3959
7093	3960
133	3961
745	3962
4743	3963
3508	3964
7047	3965
69	3966
4071	3967
232	3968
1214	3969
763	3970
3609	3971
3497	3972
112	3973
2999	3974
2348	3975
8285	3976
1133	3977
3674	3978
262	3979
5075	3980
924	3981
284	3982
3990	3983
9580	3984
1927	3985
5847	3986
6846	3987
2824	3988
3671	3989
2966	3990
258	3991
9443	3992
746	3993
1518	3994
6296	3995
7918	3996
1911	3997
7914	3998
4786	3999
1229	4000
7266	4001
119	4002
3285	4003
5839	4004
5332	4005
3772	4006
3166	4007
3923	4008
5479	4009
3509	4010
8221	4011
5559	4012
4302	4013
8166	4014
5084	4015
4296	4016
7075	4017
3749	4018
3588	4019
8245	4020
7571	4021
7522	4022
2490	4023
6096	4024
1016	4025
8158	4026
1437	4027
9699	4028
4692	4029
4727	4030
37	4031
5245	4032
3462	4033
6497	4034
5850	4035
8111	4036
9229	4037
5406	4038
332	4039
7573	4040
439	4041
11	4042
8518	4043
1835	4044
155	4045
8213	4046
861	4047
1354	4048
4410	4049
6311	4050
5777	4051
136	4052
4731	4053
1734	4054
7469	4055
207	4056
797	4057
6444	4058
8615	4059
7749	4060
5195	4061
9463	4062
9226	4063
8753	4064
2406	4065
8918	4066
5540	4067
9051	4068
6612	4069
1504	4070
245	4071
4907	4072
8794	4073
9389	4074
4579	4075
3739	4076
3301	4077
4252	4078
4369	4079
8287	4080
4547	4081
8931	4082
8529	4083
2988	4084
8652	4085
9619	4086
9660	4087
3904	4088
9677	4089
6324	4090
568	4091
1226	4092
259	4093
3940	4094
9216	4095
1739	4096
7538	4097
5070	4098
2017	4099
7189	4100
8623	4101
5851	4102
9499	4103
4821	4104
3793	4105
184	4106
7577	4107
5743	4108
6257	4109
9450	4110
7861	4111
8041	4112
6494	4113
3998	4114
3800	4115
171	4116
214	4117
183	4118
8917	4119
6069	4120
8475	4121
6200	4122
122	4123
6406	4124
5855	4125
3395	4126
6055	4127
23	4128
8920	4129
1812	4130
7645	4131
6344	4132
4164	4133
9653	4134
1394	4135
7278	4136
3063	4137
8936	4138
3122	4139
8880	4140
6015	4141
554	4142
4394	4143
7291	4144
4373	4145
4546	4146
5325	4147
173	4148
1624	4149
9151	4150
4289	4151
3022	4152
4889	4153
4024	4154
6925	4155
3553	4156
5463	4157
2795	4158
1371	4159
8677	4160
1151	4161
5257	4162
8820	4163
4867	4164
8537	4165
8796	4166
7097	4167
7654	4168
2092	4169
8065	4170
7702	4171
4525	4172
6032	4173
9608	4174
6227	4175
5812	4176
6764	4177
1126	4178
9524	4179
4990	4180
4260	4181
4106	4182
1335	4183
6720	4184
7355	4185
6742	4186
2974	4187
1410	4188
7670	4189
5473	4190
2870	4191
2586	4192
1465	4193
7445	4194
5828	4195
3775	4196
1685	4197
4622	4198
5359	4199
9547	4200
4486	4201
1439	4202
8234	4203
5212	4204
8161	4205
8772	4206
8089	4207
5208	4208
2417	4209
2414	4210
3248	4211
2749	4212
1155	4213
2042	4214
1859	4215
160	4216
9306	4217
8028	4218
3767	4219
7701	4220
9357	4221
3757	4222
7301	4223
5156	4224
3315	4225
8793	4226
3968	4227
2292	4228
8717	4229
4841	4230
1	4231
5343	4232
1577	4233
323	4234
3254	4235
6094	4236
6505	4237
4981	4238
5356	4239
132	4240
2230	4241
265	4242
1585	4243
8000	4244
1549	4245
3179	4246
238	4247
1080	4248
7327	4249
9272	4250
2514	4251
3323	4252
3781	4253
4377	4254
4784	4255
9405	4256
7968	4257
7935	4258
3712	4259
9611	4260
39	4261
1909	4262
7955	4263
8491	4264
9620	4265
3574	4266
7154	4267
9057	4268
7972	4269
2189	4270
5881	4271
6602	4272
963	4273
5059	4274
119	4275
251	4276
4689	4277
2515	4278
7687	4279
2247	4280
2210	4281
1892	4282
71	4283
6814	4284
8113	4285
8719	4286
9167	4287
2885	4288
4322	4289
9206	4290
7304	4291
8036	4292
355	4293
2593	4294
6912	4295
9683	4296
3765	4297
4171	4298
9344	4299
4675	4300
7027	4301
3047	4302
123	4303
3689	4304
3443	4305
4159	4306
3996	4307
5520	4308
7077	4309
5440	4310
9149	4311
7637	4312
4997	4313
7853	4314
7367	4315
3548	4316
1252	4317
6240	4318
4527	4319
4628	4320
174	4321
4312	4322
6513	4323
9621	4324
549	4325
3860	4326
1908	4327
1263	4328
7804	4329
5692	4330
3570	4331
6056	4332
3134	4333
1918	4334
61	4335
5694	4336
3568	4337
3168	4338
980	4339
9512	4340
8996	4341
1408	4342
1228	4343
7915	4344
9604	4345
236	4346
1866	4347
1291	4348
7140	4349
8949	4350
2536	4351
6830	4352
8661	4353
5262	4354
6282	4355
9395	4356
8885	4357
5244	4358
5039	4359
8674	4360
18	4361
269	4362
9356	4363
5217	4364
2648	4365
6485	4366
9070	4367
6141	4368
9625	4369
3679	4370
4039	4371
1256	4372
1115	4373
2522	4374
7274	4375
9411	4376
2953	4377
2941	4378
7709	4379
3572	4380
8082	4381
9515	4382
6481	4383
5940	4384
4850	4385
4382	4386
7892	4387
3731	4388
7517	4389
8955	4390
4874	4391
5005	4392
1954	4393
6585	4394
4984	4395
3981	4396
104	4397
521	4398
4339	4399
3629	4400
5080	4401
7874	4402
4574	4403
1716	4404
2253	4405
4738	4406
1198	4407
448	4408
2977	4409
5459	4410
1535	4411
6218	4412
512	4413
4064	4414
4926	4415
1609	4416
828	4417
7259	4418
4645	4419
7912	4420
8825	4421
4853	4422
7595	4423
4709	4424
958	4425
9403	4426
66	4427
1103	4428
4538	4429
9238	4430
1895	4431
6215	4432
1294	4433
6168	4434
9094	4435
1878	4436
9215	4437
3070	4438
2211	4439
3131	4440
9617	4441
3907	4442
312	4443
1122	4444
4885	4445
8008	4446
4298	4447
4971	4448
6207	4449
4430	4450
5461	4451
2769	4452
836	4453
4179	4454
4542	4455
6870	4456
1762	4457
8750	4458
1264	4459
8732	4460
5588	4461
9012	4462
8431	4463
3409	4464
148	4465
8795	4466
5167	4467
6349	4468
6737	4469
5941	4470
3645	4471
53	4472
6411	4473
2370	4474
5309	4475
3635	4476
2697	4477
1395	4478
636	4479
8662	4480
7314	4481
7558	4482
2049	4483
6146	4484
6134	4485
3905	4486
5162	4487
3647	4488
7001	4489
7836	4490
5988	4491
4112	4492
4107	4493
3673	4494
7903	4495
2073	4496
74	4497
5241	4498
1602	4499
7076	4500
8894	4501
1362	4502
7263	4503
5180	4504
29	4505
3853	4506
64	4507
4268	4508
110	4509
4126	4510
6395	4511
460	4512
2337	4513
4736	4514
56	4515
1084	4516
5769	4517
492	4518
8599	4519
90	4520
4791	4521
6886	4522
3380	4523
9644	4524
2549	4525
3219	4526
5313	4527
5521	4528
2130	4529
9675	4530
2333	4531
9578	4532
8346	4533
44	4534
9592	4535
6512	4536
682	4537
8563	4538
3579	4539
4199	4540
6149	4541
19	4542
4592	4543
9650	4544
6614	4545
5900	4546
4571	4547
2541	4548
9566	4549
2215	4550
4678	4551
9217	4552
1884	4553
2853	4554
3555	4555
3093	4556
5542	4557
2505	4558
5821	4559
4691	4560
852	4561
7094	4562
7493	4563
5983	4564
3121	4565
2525	4566
551	4567
2285	4568
3356	4569
4470	4570
7485	4571
224	4572
6189	4573
2962	4574
3394	4575
6250	4576
5795	4577
5961	4578
4178	4579
6080	4580
9302	4581
7756	4582
6566	4583
2566	4584
3371	4585
2682	4586
2899	4587
7829	4588
6473	4589
6874	4590
388	4591
711	4592
3220	4593
3059	4594
8867	4595
3006	4596
8051	4597
4644	4598
7288	4599
5877	4600
3140	4601
3336	4602
2035	4603
8339	4604
8486	4605
8848	4606
1856	4607
7865	4608
6336	4609
117	4610
1551	4611
7352	4612
2799	4613
2094	4614
1022	4615
5164	4616
4998	4617
5381	4618
2737	4619
8277	4620
8883	4621
7214	4622
3435	4623
6577	4624
59	4625
5914	4626
3706	4627
857	4628
1190	4629
9170	4630
5696	4631
5533	4632
7719	4633
678	4634
8495	4635
4552	4636
1221	4637
1567	4638
384	4639
5311	4640
216	4641
9282	4642
9536	4643
920	4644
2484	4645
1505	4646
7996	4647
6002	4648
8988	4649
5835	4650
5985	4651
5697	4652
6955	4653
515	4654
7494	4655
558	4656
1566	4657
3801	4658
3612	4659
1558	4660
3308	4661
6878	4662
7361	4663
4859	4664
5685	4665
8185	4666
1947	4667
4880	4668
5759	4669
3340	4670
6194	4671
6898	4672
7864	4673
8115	4674
5823	4675
8354	4676
2774	4677
4128	4678
4250	4679
373	4680
8019	4681
1075	4682
1873	4683
7867	4684
3502	4685
9139	4686
1145	4687
6070	4688
121	4689
4918	4690
118	4691
364	4692
1030	4693
5477	4694
9367	4695
8010	4696
8187	4697
4479	4698
8309	4699
8743	4700
4868	4701
3882	4702
7165	4703
276	4704
4657	4705
8056	4706
1322	4707
8720	4708
6699	4709
1669	4710
5883	4711
8447	4712
5155	4713
234	4714
1764	4715
294	4716
250	4717
672	4718
6	4719
5775	4720
5501	4721
6164	4722
6921	4723
1644	4724
3382	4725
3993	4726
1	4727
8159	4728
6484	4729
3606	4730
7353	4731
8866	4732
3821	4733
5362	4734
4135	4735
4123	4736
6006	4737
65	4738
3197	4739
7397	4740
4807	4741
7289	4742
3834	4743
5154	4744
2003	4745
2305	4746
116	4747
2391	4748
6977	4749
7565	4750
7831	4751
9285	4752
5977	4753
4881	4754
52	4755
5790	4756
314	4757
2637	4758
249	4759
2576	4760
249	4761
949	4762
64	4763
2538	4764
73	4765
4893	4766
3331	4767
3306	4768
9193	4769
8875	4770
1433	4771
2209	4772
7190	4773
3569	4774
8828	4775
2658	4776
9223	4777
7643	4778
7045	4779
8314	4780
8261	4781
5205	4782
4438	4783
8498	4784
244	4785
1170	4786
8617	4787
4070	4788
7877	4789
9053	4790
7108	4791
4666	4792
8403	4793
8570	4794
9243	4795
3908	4796
9613	4797
5718	4798
6905	4799
9557	4800
4375	4801
6817	4802
2271	4803
9140	4804
219	4805
1639	4806
8932	4807
892	4808
8718	4809
8606	4810
5232	4811
1971	4812
3644	4813
983	4814
301	4815
7823	4816
1604	4817
9598	4818
6650	4819
1562	4820
142	4821
423	4822
6624	4823
9180	4824
2289	4825
5344	4826
5786	4827
7113	4828
6312	4829
9246	4830
1925	4831
7218	4832
3158	4833
7960	4834
4699	4835
7959	4836
7225	4837
1213	4838
4515	4839
413	4840
4069	4841
7700	4842
9409	4843
175	4844
6119	4845
7508	4846
8469	4847
3398	4848
9190	4849
3927	4850
5285	4851
766	4852
5793	4853
9120	4854
2623	4855
9661	4856
8462	4857
8392	4858
1344	4859
6407	4860
7858	4861
8441	4862
4495	4863
3958	4864
9517	4865
6443	4866
1940	4867
1343	4868
221	4869
6382	4870
2449	4871
4641	4872
3790	4873
7621	4874
1021	4875
4922	4876
3358	4877
4259	4878
2113	4879
6247	4880
228	4881
8792	4882
6504	4883
4781	4884
3565	4885
8211	4886
6979	4887
9636	4888
6415	4889
1099	4890
5530	4891
3490	4892
5921	4893
2589	4894
2990	4895
5291	4896
3245	4897
9173	4898
8131	4899
5701	4900
7418	4901
246	4902
3154	4903
8132	4904
9543	4905
3432	4906
2691	4907
5991	4908
2022	4909
1891	4910
1698	4911
441	4912
4111	4913
6465	4914
463	4915
5334	4916
2468	4917
5192	4918
502	4919
2196	4920
5140	4921
6847	4922
147	4923
9632	4924
4047	4925
68	4926
5341	4927
6074	4928
3115	4929
3713	4930
4021	4931
2342	4932
6891	4933
792	4934
8382	4935
5256	4936
8149	4937
4188	4938
7464	4939
6727	4940
7404	4941
5843	4942
940	4943
5445	4944
1973	4945
9426	4946
5764	4947
6657	4948
6822	4949
5816	4950
5638	4951
2476	4952
4925	4953
5267	4954
494	4955
3879	4956
4765	4957
8247	4958
5057	4959
2547	4960
7897	4961
7570	4962
3795	4963
3386	4964
2481	4965
3058	4966
8353	4967
2386	4968
2433	4969
5474	4970
9555	4971
3750	4972
1217	4973
257	4974
934	4975
6291	4976
4777	4977
5707	4978
5430	4979
2300	4980
1941	4981
1601	4982
2460	4983
6281	4984
3034	4985
7728	4986
4654	4987
8707	4988
311	4989
447	4990
3947	4991
1933	4992
9511	4993
5637	4994
6862	4995
3325	4996
599	4997
1713	4998
767	4999
3656	5000
6758	5001
7873	5002
9655	5003
3303	5004
699	5005
4447	5006
2955	5007
9340	5008
6381	5009
33	5010
9252	5011
3126	5012
5204	5013
325	5014
3796	5015
3652	5016
5446	5017
1901	5018
2875	5019
5567	5020
4103	5021
3314	5022
3912	5023
8639	5024
4280	5025
4717	5026
9176	5027
3587	5028
900	5029
267	5030
9633	5031
7633	5032
5893	5033
8596	5034
9307	5035
4318	5036
8553	5037
9624	5038
8698	5039
8654	5040
6597	5041
4386	5042
7152	5043
1527	5044
5631	5045
1561	5046
6916	5047
3473	5048
2221	5049
1390	5050
4697	5051
1618	5052
8292	5053
8317	5054
771	5055
2013	5056
5177	5057
3937	5058
9461	5059
7605	5060
142	5061
2796	5062
9	5063
6440	5064
8959	5065
8781	5066
3756	5067
4191	5068
4567	5069
1178	5070
6014	5071
9429	5072
4728	5073
1960	5074
8122	5075
7206	5076
7162	5077
3576	5078
6012	5079
3536	5080
5848	5081
5636	5082
45	5083
3546	5084
5214	5085
3478	5086
350	5087
4735	5088
2867	5089
3132	5090
2235	5091
3752	5092
5484	5093
2602	5094
41	5095
213	5096
7007	5097
8503	5098
7544	5099
9050	5100
2197	5101
2024	5102
5820	5103
5830	5104
1181	5105
7042	5106
5695	5107
9308	5108
9584	5109
8379	5110
6210	5111
66	5112
9520	5113
547	5114
2434	5115
8371	5116
287	5117
404	5118
7747	5119
7269	5120
7350	5121
4748	5122
440	5123
5792	5124
7432	5125
1510	5126
5752	5127
5763	5128
7603	5129
9468	5130
4279	5131
1196	5132
9408	5133
3160	5134
9089	5135
9025	5136
8395	5137
7268	5138
813	5139
8789	5140
7800	5141
1865	5142
975	5143
5439	5144
8238	5145
7059	5146
7056	5147
6098	5148
2813	5149
7210	5150
6825	5151
5566	5152
5030	5153
4041	5154
5664	5155
2479	5156
8899	5157
1980	5158
2416	5159
88	5160
7905	5161
1334	5162
1186	5163
2790	5164
1070	5165
197	5166
2600	5167
3838	5168
9192	5169
4157	5170
1557	5171
9373	5172
7952	5173
6496	5174
2787	5175
7098	5176
917	5177
1623	5178
7199	5179
50	5180
6858	5181
3470	5182
6220	5183
5222	5184
5392	5185
1295	5186
8418	5187
7922	5188
3451	5189
6039	5190
6623	5191
6229	5192
8551	5193
7862	5194
3691	5195
1828	5196
6352	5197
9423	5198
1188	5199
4767	5200
2419	5201
5556	5202
115	5203
39	5204
4050	5205
3666	5206
2072	5207
3770	5208
182	5209
7019	5210
4096	5211
3	5212
61	5213
9160	5214
5103	5215
2643	5216
8086	5217
4627	5218
6434	5219
1466	5220
343	5221
2106	5222
3550	5223
2583	5224
6390	5225
7514	5226
9498	5227
3056	5228
23	5229
2900	5230
5887	5231
2187	5232
1755	5233
6852	5234
1612	5235
1418	5236
9241	5237
3972	5238
4117	5239
5283	5240
6885	5241
1485	5242
1268	5243
1840	5244
8347	5245
485	5246
7385	5247
7569	5248
2789	5249
723	5250
6483	5251
4473	5252
7209	5253
7460	5254
6162	5255
795	5256
2150	5257
2037	5258
4352	5259
9376	5260
720	5261
408	5262
6966	5263
8550	5264
2601	5265
7878	5266
1712	5267
4439	5268
7398	5269
255	5270
143	5271
9289	5272
6217	5273
2713	5274
9481	5275
6243	5276
1281	5277
1765	5278
349	5279
4835	5280
2828	5281
6468	5282
8925	5283
8133	5284
7738	5285
179	5286
108	5287
5875	5288
5072	5289
5323	5290
5873	5291
5853	5292
9614	5293
258	5294
4416	5295
6125	5296
2702	5297
9671	5298
3086	5299
8186	5300
6235	5301
354	5302
1361	5303
1391	5304
7845	5305
8045	5306
8814	5307
1861	5308
2908	5309
2732	5310
4932	5311
151	5312
2123	5313
4226	5314
7612	5315
9388	5316
9418	5317
3304	5318
1503	5319
42	5320
4679	5321
1312	5322
9383	5323
2659	5324
2328	5325
6960	5326
2652	5327
2834	5328
7025	5329
4200	5330
7742	5331
9086	5332
3453	5333
6490	5334
285	5335
612	5336
5618	5337
6341	5338
870	5339
8299	5340
6329	5341
1447	5342
774	5343
6769	5344
1424	5345
733	5346
4359	5347
9432	5348
8929	5349
7405	5350
2837	5351
2811	5352
7653	5353
189	5354
9320	5355
4073	5356
886	5357
2457	5358
932	5359
488	5360
6798	5361
825	5362
5188	5363
3379	5364
4919	5365
1642	5366
2779	5367
7275	5368
4204	5369
844	5370
3344	5371
7809	5372
2594	5373
6248	5374
1590	5375
6824	5376
5658	5377
4356	5378
4080	5379
5470	5380
785	5381
5725	5382
1086	5383
2864	5384
484	5385
4291	5386
8264	5387
6360	5388
590	5389
4256	5390
368	5391
6641	5392
43	5393
295	5394
3812	5395
8994	5396
1456	5397
6261	5398
6728	5399
790	5400
8027	5401
9487	5402
1106	5403
8313	5404
1107	5405
3797	5406
1783	5407
4161	5408
1043	5409
8384	5410
4799	5411
7394	5412
4261	5413
6860	5414
2145	5415
2731	5416
273	5417
8990	5418
7335	5419
5937	5420
4116	5421
2543	5422
4224	5423
4239	5424
3003	5425
6396	5426
7297	5427
2014	5428
9033	5429
1303	5430
8196	5431
8396	5432
7677	5433
8725	5434
1688	5435
8192	5436
5622	5437
4703	5438
3742	5439
6815	5440
1700	5441
6618	5442
2580	5443
6832	5444
3370	5445
2458	5446
8730	5447
9380	5448
5544	5449
6414	5450
4950	5451
4534	5452
8485	5453
6880	5454
2074	5455
5310	5456
8567	5457
1661	5458
234	5459
5832	5460
84	5461
8179	5462
3279	5463
3203	5464
5856	5465
3262	5466
7801	5467
6183	5468
2124	5469
2195	5470
5112	5471
1616	5472
6428	5473
3789	5474
3008	5475
1570	5476
3832	5477
6442	5478
7341	5479
1603	5480
6195	5481
3235	5482
2229	5483
3199	5484
4385	5485
7279	5486
179	5487
3324	5488
400	5489
4539	5490
180	5491
1364	5492
4120	5493
7886	5494
7606	5495
649	5496
8527	5497
5127	5498
2332	5499
6724	5500
5719	5501
9006	5502
5182	5503
2142	5504
9361	5505
1695	5506
3125	5507
8072	5508
7859	5509
8061	5510
8971	5511
2267	5512
105	5513
7069	5514
3413	5515
7406	5516
1981	5517
6433	5518
8785	5519
3054	5520
7428	5521
3053	5522
6648	5523
8965	5524
6441	5525
2766	5526
2831	5527
4173	5528
2595	5529
1246	5530
7068	5531
7681	5532
1055	5533
374	5534
229	5535
6662	5536
3195	5537
3768	5538
504	5539
776	5540
605	5541
8930	5542
7772	5543
6191	5544
4091	5545
26	5546
8824	5547
5441	5548
1006	5549
2110	5550
3312	5551
7562	5552
3185	5553
1148	5554
9523	5555
4690	5556
808	5557
1327	5558
5037	5559
4915	5560
3373	5561
875	5562
1815	5563
5660	5564
8620	5565
7714	5566
7718	5567
6779	5568
3619	5569
877	5570
1494	5571
5972	5572
9337	5573
6279	5574
5619	5575
902	5576
6606	5577
7257	5578
4896	5579
7429	5580
6765	5581
6561	5582
6539	5583
6092	5584
1109	5585
7149	5586
3231	5587
3019	5588
1008	5589
8168	5590
8912	5591
4165	5592
4287	5593
7410	5594
4854	5595
1255	5596
8787	5597
6491	5598
7217	5599
5416	5600
5747	5601
5401	5602
8373	5603
1594	5604
4507	5605
7757	5606
2144	5607
7091	5608
8084	5609
9040	5610
9586	5611
3172	5612
8886	5613
2078	5614
7238	5615
4	5616
3551	5617
6338	5618
2440	5619
2812	5620
847	5621
4433	5622
4219	5623
8699	5624
3685	5625
1668	5626
402	5627
1041	5628
8757	5629
2163	5630
4414	5631
224	5632
3252	5633
1637	5634
2704	5635
3030	5636
196	5637
6786	5638
7824	5639
6800	5640
8738	5641
5955	5642
5665	5643
5736	5644
2323	5645
6666	5646
87	5647
2567	5648
275	5649
6109	5650
2978	5651
3281	5652
7085	5653
4009	5654
8913	5655
197	5656
2036	5657
7593	5658
743	5659
9087	5660
1451	5661
6942	5662
7674	5663
867	5664
6208	5665
9324	5666
4788	5667
7401	5668
3672	5669
2994	5670
3592	5671
2204	5672
2918	5673
5391	5674
6436	5675
4912	5676
6897	5677
8842	5678
8892	5679
4405	5680
6425	5681
1085	5682
845	5683
6851	5684
8096	5685
180	5686
3078	5687
1486	5688
7309	5689
8703	5690
6387	5691
8697	5692
138	5693
978	5694
1519	5695
5435	5696
16	5697
6802	5698
2729	5699
1421	5700
5590	5701
227	5702
6347	5703
1426	5704
1976	5705
2572	5706
7875	5707
4620	5708
5489	5709
1610	5710
1641	5711
5974	5712
2544	5713
3227	5714
5301	5715
2284	5716
51	5717
1774	5718
7489	5719
7936	5720
4554	5721
490	5722
7798	5723
9181	5724
214	5725
4916	5726
3721	5727
1789	5728
8749	5729
957	5730
4085	5731
1105	5732
230	5733
9142	5734
5163	5735
3284	5736
4878	5737
164	5738
6128	5739
3782	5740
7004	5741
9298	5742
4480	5743
5548	5744
2054	5745
2043	5746
8230	5747
2079	5748
8121	5749
1848	5750
4156	5751
8031	5752
6144	5753
3067	5754
769	5755
1262	5756
8046	5757
4376	5758
3076	5759
7698	5760
2040	5761
7620	5762
6266	5763
8378	5764
9362	5765
3620	5766
2201	5767
3817	5768
6548	5769
2044	5770
7786	5771
1164	5772
2376	5773
8906	5774
170	5775
1409	5776
2067	5777
1773	5778
7066	5779
1534	5780
1283	5781
414	5782
8800	5783
1270	5784
759	5785
7616	5786
2613	5787
1852	5788
3866	5789
4360	5790
3068	5791
5448	5792
4158	5793
8947	5794
7358	5795
3209	5796
5274	5797
5104	5798
8330	5799
6204	5800
4710	5801
1238	5802
4647	5803
3096	5804
853	5805
9148	5806
6221	5807
5375	5808
3843	5809
6936	5810
866	5811
7294	5812
2462	5813
205	5814
7721	5815
8015	5816
4038	5817
7893	5818
5199	5819
7715	5820
7904	5821
15	5822
1458	5823
8143	5824
4745	5825
8326	5826
4131	5827
2480	5828
6100	5829
6961	5830
5515	5831
5727	5832
8137	5833
8095	5834
577	5835
3510	5836
3616	5837
8433	5838
4449	5839
8487	5840
5481	5841
8547	5842
5606	5843
602	5844
247	5845
5859	5846
54	5847
4329	5848
8451	5849
2511	5850
5337	5851
3537	5852
2068	5853
2788	5854
5505	5855
2308	5856
6743	5857
2816	5858
5404	5859
3748	5860
3804	5861
6732	5862
4033	5863
5918	5864
8228	5865
7741	5866
8099	5867
2175	5868
7649	5869
5138	5870
4783	5871
6919	5872
5878	5873
7608	5874
2161	5875
6804	5876
3861	5877
169	5878
5223	5879
8420	5880
6627	5881
3877	5882
4505	5883
5376	5884
455	5885
2701	5886
5796	5887
315	5888
1821	5889
7063	5890
1127	5891
178	5892
2469	5893
3269	5894
9292	5895
8935	5896
7639	5897
7591	5898
5280	5899
4740	5900
787	5901
4493	5902
2227	5903
9430	5904
2096	5905
6593	5906
1662	5907
3769	5908
166	5909
2431	5910
5476	5911
6236	5912
2759	5913
2764	5914
5129	5915
4864	5916
8775	5917
9008	5918
3511	5919
2916	5920
3818	5921
1060	5922
3265	5923
3193	5924
1825	5925
7302	5926
8188	5927
416	5928
8331	5929
326	5930
67	5931
1621	5932
8619	5933
7102	5934
7833	5935
9642	5936
100	5937
842	5938
989	5939
8694	5940
5643	5941
9521	5942
4465	5943
2023	5944
4274	5945
5203	5946
4763	5947
5061	5948
5016	5949
9273	5950
855	5951
6000	5952
4962	5953
8219	5954
3335	5955
7584	5956
297	5957
5196	5958
4725	5959
370	5960
2394	5961
1057	5962
1622	5963
4977	5964
9002	5965
5724	5966
4701	5967
3973	5968
41	5969
444	5970
9207	5971
5861	5972
5996	5973
810	5974
1385	5975
4517	5976
762	5977
8336	5978
9670	5979
7707	5980
6082	5981
3885	5982
5018	5983
6358	5984
6914	5985
7137	5986
7533	5987
1313	5988
6454	5989
2810	5990
1261	5991
7934	5992
4055	5993
4284	5994
6304	5995
8070	5996
2207	5997
9244	5998
2512	5999
1802	6000
1277	6001
220	6002
4043	6003
5915	6004
1050	6005
1027	6006
8565	6007
8063	6008
8176	6009
5360	6010
5869	6011
7814	6012
6630	6013
8332	6014
1524	6015
8680	6016
2832	6017
9712	6018
6819	6019
13	6020
4264	6021
2578	6022
6193	6023
6998	6024
5746	6025
9365	6026
1784	6027
1478	6028
8448	6029
8172	6030
5754	6031
2330	6032
1702	6033
1386	6034
5187	6035
8236	6036
4137	6037
7683	6038
4411	6039
1533	6040
9093	6041
9436	6042
642	6043
8254	6044
5478	6045
1614	6046
9679	6047
3071	6048
3638	6049
9349	6050
8712	6051
4203	6052
6471	6053
84	6054
9270	6055
6136	6056
8385	6057
5620	6058
8400	6059
8387	6060
1064	6061
6649	6062
6077	6063
4753	6064
3389	6065
6061	6066
7026	6067
645	6068
4168	6069
1507	6070
6197	6071
397	6072
9262	6073
1736	6074
5319	6075
7648	6076
587	6077
5699	6078
4441	6079
2876	6080
6478	6081
7855	6082
9023	6083
6583	6084
4966	6085
601	6086
4464	6087
4785	6088
8321	6089
1584	6090
333	6091
1130	6092
6030	6093
6761	6094
6672	6095
1699	6096
7613	6097
4132	6098
7694	6099
1211	6100
3867	6101
2135	6102
2099	6103
9175	6104
4790	6105
450	6106
7504	6107
9420	6108
8386	6109
449	6110
8390	6111
6271	6112
6568	6113
241	6114
5412	6115
6952	6116
6065	6117
3858	6118
9449	6119
5006	6120
6899	6121
8202	6122
8398	6123
1020	6124
617	6125
3094	6126
1946	6127
2587	6128
5402	6129
9393	6130
9364	6131
7011	6132
5122	6133
365	6134
9001	6135
2321	6136
7899	6137
2164	6138
8062	6139
2252	6140
3025	6141
51	6142
4594	6143
6890	6144
6035	6145
1711	6146
2318	6147
921	6148
9437	6149
5782	6150
8690	6151
17	6152
5712	6153
4965	6154
927	6155
1782	6156
2418	6157
4458	6158
6327	6159
6620	6160
3378	6161
2975	6162
264	6163
3930	6164
1542	6165
2829	6166
1620	6167
7087	6168
1101	6169
9104	6170
7885	6171
6405	6172
9011	6173
3945	6174
728	6175
7532	6176
3366	6177
8653	6178
1582	6179
86	6180
1979	6181
157	6182
5673	6183
5335	6184
2524	6185
2226	6186
7644	6187
3890	6188
126	6189
6631	6190
7515	6191
6385	6192
9415	6193
1177	6194
3526	6195
3829	6196
7276	6197
255	6198
7691	6199
2122	6200
9091	6201
737	6202
5741	6203
5827	6204
9018	6205
7847	6206
3360	6207
7641	6208
7363	6209
6723	6210
3865	6211
7300	6212
7923	6213
6290	6214
1945	6215
2445	6216
7524	6217
6596	6218
6339	6219
4797	6220
7044	6221
165	6222
2077	6223
7630	6224
2758	6225
4752	6226
4223	6227
6980	6228
5575	6229
6190	6230
1489	6231
8685	6232
6355	6233
7058	6234
6887	6235
6461	6236
5857	6237
2679	6238
8435	6239
1319	6240
3627	6241
2154	6242
3400	6243
6040	6244
4148	6245
8657	6246
752	6247
9295	6248
1241	6249
283	6250
4779	6251
947	6252
459	6253
634	6254
7664	6255
7023	6256
4700	6257
5734	6258
7751	6259
1305	6260
114	6261
5913	6262
1893	6263
8777	6264
5596	6265
8541	6266
6763	6267
4652	6268
8762	6269
7332	6270
7017	6271
9473	6272
1586	6273
6951	6274
1694	6275
6213	6276
9447	6277
2243	6278
626	6279
1692	6280
8436	6281
91	6282
739	6283
6305	6284
5949	6285
1328	6286
6582	6287
1102	6288
2452	6289
1288	6290
5581	6291
3933	6292
5757	6293
8449	6294
2573	6295
5608	6296
5125	6297
3926	6298
4006	6299
7662	6300
2909	6301
7834	6302
2762	6303
9205	6304
586	6305
7167	6306
8488	6307
9404	6308
6567	6309
4062	6310
7340	6311
6660	6312
2826	6313
7362	6314
5807	6315
7655	6316
689	6317
2346	6318
3513	6319
4048	6320
7046	6321
4016	6322
3114	6323
1788	6324
1100	6325
1104	6326
2803	6327
4732	6328
2375	6329
653	6330
9177	6331
2032	6332
7254	6333
7449	6334
75	6335
2501	6336
5758	6337
6009	6338
4741	6339
7364	6340
1094	6341
2579	6342
8361	6343
1880	6344
5038	6345
673	6346
4976	6347
553	6348
2621	6349
120	6350
2843	6351
6696	6352
9392	6353
5787	6354
1442	6355
1568	6356
8190	6357
1413	6358
6474	6359
6132	6360
9052	6361
2466	6362
3700	6363
5960	6364
4810	6365
389	6366
1143	6367
191	6368
3258	6369
7627	6370
987	6371
6160	6372
6997	6373
34	6374
7173	6375
1230	6376
8841	6377
1484	6378
8468	6379
2167	6380
5045	6381
7560	6382
496	6383
3532	6384
2686	6385
7601	6386
8985	6387
110	6388
5321	6389
4263	6390
8722	6391
2878	6392
6686	6393
2377	6394
406	6395
2131	6396
3136	6397
4388	6398
6026	6399
192	6400
5385	6401
2712	6402
4118	6403
9030	6404
8080	6405
7227	6406
6956	6407
2069	6408
8837	6409
7271	6410
391	6411
905	6412
3075	6413
3665	6414
4637	6415
659	6416
2711	6417
1406	6418
5179	6419
5868	6420
5947	6421
6466	6422
6715	6423
6373	6424
5305	6425
6180	6426
6721	6427
8960	6428
1526	6429
5074	6430
381	6431
6558	6432
7211	6433
7014	6434
919	6435
7380	6436
798	6437
6099	6438
3844	6439
5680	6440
8175	6441
3039	6442
1854	6443
1681	6444
9049	6445
3033	6446
5846	6447
3202	6448
2448	6449
9382	6450
7774	6451
2030	6452
9505	6453
6073	6454
7119	6455
5475	6456
1871	6457
4395	6458
1671	6459
9456	6460
8120	6461
2351	6462
8257	6463
4431	6464
1803	6465
6447	6466
5469	6467
3206	6468
6016	6469
6179	6470
7383	6471
1078	6472
9274	6473
7369	6474
8249	6475
1889	6476
8380	6477
7049	6478
5366	6479
9359	6480
879	6481
5327	6482
67	6483
898	6484
9385	6485
6187	6486
3431	6487
717	6488
8769	6489
4897	6490
2089	6491
974	6492
4940	6493
4401	6494
4851	6495
5663	6496
3293	6497
5917	6498
7900	6499
1356	6500
2620	6501
7312	6502
1697	6503
2084	6504
2057	6505
1626	6506
2676	6507
3434	6508
9113	6509
9110	6510
7171	6511
6337	6512
8737	6513
2884	6514
6375	6515
7622	6516
438	6517
560	6518
4149	6519
4758	6520
1205	6521
2059	6522
5161	6523
761	6524
9237	6525
6671	6526
2896	6527
7230	6528
9708	6529
1683	6530
9016	6531
5849	6532
1670	6533
2185	6534
9496	6535
6450	6536
6115	6537
6154	6538
5995	6539
181	6540
3385	6541
2174	6542
6654	6543
7669	6544
8214	6545
8659	6546
3690	6547
8170	6548
6753	6549
3017	6550
25	6551
6692	6552
4177	6553
2151	6554
8103	6555
7537	6556
210	6557
8026	6558
2451	6559
2379	6560
5951	6561
884	6562
7498	6563
3871	6564
7298	6565
2590	6566
7680	6567
4760	6568
4711	6569
6883	6570
5678	6571
6868	6572
7081	6573
7843	6574
8838	6575
1135	6576
7541	6577
7124	6578
6857	6579
2664	6580
4113	6581
3238	6582
4498	6583
5419	6584
9369	6585
1950	6586
8481	6587
7994	6588
5123	6589
8891	6590
2672	6591
6576	6592
1578	6593
6708	6594
7527	6595
8714	6596
1044	6597
5429	6598
5557	6599
8656	6600
6258	6601
215	6602
2273	6603
3946	6604
929	6605
2874	6606
35	6607
904	6608
149	6609
9516	6610
8970	6611
8402	6612
187	6613
5551	6614
9476	6615
922	6616
5387	6617
3538	6618
9092	6619
3026	6620
6645	6621
3321	6622
6430	6623
8305	6624
8067	6625
4225	6626
5600	6627
2442	6628
6051	6629
1502	6630
425	6631
9183	6632
4845	6633
858	6634
6702	6635
3205	6636
7818	6637
2848	6638
2973	6639
361	6640
2845	6641
4605	6642
2750	6643
7589	6644
2098	6645
7872	6646
139	6647
2634	6648
9195	6649
2290	6650
7740	6651
8289	6652
3042	6653
768	6654
3040	6655
8858	6656
1049	6657
3404	6658
3329	6659
7712	6660
2303	6661
1991	6662
727	6663
9702	6664
4412	6665
5593	6666
5975	6667
4696	6668
198	6669
1405	6670
371	6671
6827	6672
3137	6673
139	6674
1571	6675
7051	6676
7556	6677
9658	6678
6309	6679
4045	6680
4532	6681
8687	6682
894	6683
4421	6684
6325	6685
5081	6686
2331	6687
3310	6688
563	6689
6884	6690
1203	6691
5424	6692
3718	6693
8300	6694
2485	6695
9446	6696
5684	6697
4207	6698
4604	6699
1422	6700
1345	6701
3375	6702
6107	6703
1455	6704
5303	6705
3112	6706
453	6707
3097	6708
3072	6709
1095	6710
7950	6711
499	6712
9134	6713
2986	6714
3000	6715
559	6716
1079	6717
2743	6718
1083	6719
7000	6720
5101	6721
7561	6722
8193	6723
5722	6724
2933	6725
4744	6726
9303	6727
4698	6728
6264	6729
1459	6730
190	6731
5936	6732
8665	6733
7408	6734
5776	6735
2237	6736
2608	6737
572	6738
9503	6739
456	6740
588	6741
395	6742
6361	6743
1209	6744
1212	6745
3708	6746
6554	6747
5954	6748
401	6749
1457	6750
3726	6751
3200	6752
7717	6753
6694	6754
2010	6755
2051	6756
2500	6757
8641	6758
914	6759
7490	6760
4929	6761
9222	6762
2757	6763
7122	6764
7203	6765
2714	6766
71	6767
5647	6768
582	6769
7656	6770
2011	6771
471	6772
9182	6773
2129	6774
8731	6775
930	6776
6031	6777
609	6778
6321	6779
4419	6780
9171	6781
3215	6782
5077	6783
4914	6784
159	6785
2473	6786
4927	6787
4418	6788
8700	6789
1677	6790
2366	6791
5605	6792
4311	6793
9527	6794
3715	6795
5495	6796
4869	6797
5166	6798
7333	6799
4834	6800
6203	6801
5979	6802
6043	6803
3208	6804
6103	6805
5384	6806
2005	6807
4540	6808
7036	6809
3661	6810
4018	6811
6938	6812
6459	6813
3381	6814
4253	6815
7080	6816
3146	6817
7431	6818
4124	6819
814	6820
9657	6821
2233	6822
3233	6823
204	6824
8888	6825
2846	6826
3835	6827
750	6828
2740	6829
1038	6830
4509	6831
4295	6832
7127	6833
8942	6834
7500	6835
1071	6836
2336	6837
7574	6838
189	6839
1857	6840
8144	6841
5582	6842
4490	6843
1253	6844
4361	6845
7130	6846
652	6847
5675	6848
7200	6849
7283	6850
4271	6851
7576	6852
1867	6853
40	6854
5025	6855
4899	6856
2152	6857
2533	6858
5278	6859
1516	6860
6455	6861
7931	6862
8602	6863
6110	6864
7308	6865
3615	6866
8510	6867
1440	6868
1781	6869
8808	6870
8822	6871
1461	6872
2428	6873
8650	6874
918	6875
1062	6876
4832	6877
6260	6878
6216	6879
6619	6880
4537	6881
2470	6882
4873	6883
5902	6884
5443	6885
5592	6886
1416	6887
6413	6888
7421	6889
722	6890
1977	6891
1403	6892
5273	6893
4049	6894
3640	6895
1805	6896
6656	6897
9346	6898
7879	6899
6393	6900
7723	6901
9265	6902
1606	6903
5456	6904
1904	6905
4032	6906
1932	6907
7212	6908
3079	6909
611	6910
5480	6911
8018	6912
9638	6913
192	6914
7585	6915
2463	6916
4266	6917
3004	6918
5083	6919
832	6920
4857	6921
3446	6922
7663	6923
5400	6924
976	6925
9174	6926
1721	6927
2309	6928
2467	6929
995	6930
5519	6931
9442	6932
2344	6933
541	6934
4528	6935
2048	6936
2606	6937
5151	6938
5733	6939
3341	6940
9071	6941
1304	6942
2767	6943
8601	6944
3461	6945
5348	6946
6456	6947
5662	6948
5014	6949
8112	6950
3894	6951
281	6952
351	6953
2454	6954
7377	6955
862	6956
2894	6957
6106	6958
5119	6959
6244	6960
9563	6961
8183	6962
9072	6963
6839	6964
4237	6965
5967	6966
1591	6967
5460	6968
9428	6969
5086	6970
8727	6971
1001	6972
3848	6973
4582	6974
8307	6975
4942	6976
8625	6977
247	6978
5320	6979
5130	6980
2819	6981
8246	6982
4389	6983
8843	6984
3092	6985
5143	6986
9424	6987
424	6988
2232	6989
9250	6990
5784	6991
5909	6992
4422	6993
953	6994
5168	6995
4995	6996
1708	6997
3300	6998
8713	6999
4384	7000
8397	7001
9156	7002
1665	7003
4303	7004
1396	7005
4072	7006
3196	7007
2296	7008
1968	7009
7666	7010
5425	7011
9453	7012
3552	7013
7354	7014
8774	7015
2639	7016
3539	7017
1540	7018
5740	7019
451	7020
9005	7021
2904	7022
4022	7023
6632	7024
1592	7025
4685	7026
3277	7027
4423	7028
7631	7029
3349	7030
3255	7031
6906	7032
339	7033
6957	7034
3711	7035
1529	7036
6651	7037
637	7038
8663	7039
593	7040
6988	7041
6762	7042
7032	7043
6480	7044
4705	7045
1926	7046
1640	7047
3271	7048
3309	7049
7943	7050
92	7051
207	7052
252	7053
7321	7054
2700	7055
7208	7056
1469	7057
8272	7058
1831	7059
7939	7060
8160	7061
5756	7062
6206	7063
9021	7064
2915	7065
4420	7066
5308	7067
9275	7068
9209	7069
6749	7070
9634	7071
2647	7072
8348	7073
6111	7074
6677	7075
731	7076
1298	7077
7096	7078
8901	7079
8682	7080
3507	7081
7478	7082
7602	7083
5710	7084
5964	7085
5169	7086
1575	7087
1472	7088
6085	7089
4185	7090
8147	7091
5871	7092
5272	7093
5905	7094
2205	7095
3601	7096
7138	7097
6642	7098
5717	7099
8156	7100
6159	7101
7336	7102
4858	7103
8533	7104
8693	7105
2736	7106
5007	7107
9060	7108
5772	7109
152	7110
5431	7111
7012	7112
3873	7113
5444	7114
8489	7115
7815	7116
1034	7117
1793	7118
5929	7119
770	7120
1816	7121
6924	7122
78	7123
2866	7124
9343	7125
7195	7126
6842	7127
944	7128
7773	7129
3806	7130
7869	7131
1302	7132
2765	7133
8823	7134
6130	7135
8222	7136
8224	7137
9372	7138
736	7139
6507	7140
3035	7141
6272	7142
7439	7143
426	7144
3953	7145
8973	7146
5266	7147
8232	7148
6047	7149
5824	7150
8032	7151
3087	7152
985	7153
2026	7154
8976	7155
4110	7156
5626	7157
114	7158
5434	7159
8956	7160
9046	7161
6918	7162
7444	7163
7796	7164
273	7165
2198	7166
6084	7167
5543	7168
4316	7169
7765	7170
4584	7171
4556	7172
6523	7173
7588	7174
7169	7175
724	7176
1042	7177
2674	7178
8773	7179
9353	7180
9153	7181
3384	7182
1553	7183
3456	7184
8167	7185
6462	7186
2857	7187
8181	7188
707	7189
754	7190
7614	7191
2322	7192
6228	7193
6709	7194
8297	7195
2865	7196
233	7197
603	7198
8739	7199
3875	7200
8452	7201
242	7202
7768	7203
358	7204
2071	7205
6600	7206
675	7207
8073	7208
7850	7209
8200	7210
4390	7211
4887	7212
3181	7213
3383	7214
2255	7215
8325	7216
3722	7217
5271	7218
3590	7219
6376	7220
9360	7221
6402	7222
6142	7223
5082	7224
5652	7225
2353	7226
3949	7227
8189	7228
6704	7229
9444	7230
1822	7231
7675	7232
6493	7233
2171	7234
387	7235
1655	7236
9150	7237
6687	7238
160	7239
1801	7240
3693	7241
8118	7242
4325	7243
9700	7244
9034	7245
9131	7246
1868	7247
5289	7248
7581	7249
4278	7250
7242	7251
1998	7252
9635	7253
1924	7254
222	7255
6531	7256
8691	7257
6520	7258
6519	7259
2631	7260
2949	7261
4768	7262
3229	7263
1986	7264
150	7265
4092	7266
3880	7267
4616	7268
3902	7269
7971	7270
2564	7271
3734	7272
3850	7273
4848	7274
7326	7275
240	7276
972	7277
9163	7278
1399	7279
3415	7280
5397	7281
6502	7282
716	7283
6546	7284
1284	7285
5243	7286
8195	7287
2804	7288
6766	7289
4	7290
6265	7291
289	7292
417	7293
994	7294
4573	7295
8530	7296
7204	7297
1651	7298
3117	7299
8974	7300
4543	7301
6027	7302
1376	7303
6894	7304
2439	7305
3525	7306
8280	7307
4908	7308
9255	7309
3944	7310
3761	7311
3841	7312
159	7313
6126	7314
9313	7315
7797	7316
1796	7317
2694	7318
8961	7319
2389	7320
696	7321
6249	7322
7535	7323
2911	7324
5677	7325
4463	7326
9431	7327
4633	7328
5497	7329
7610	7330
5132	7331
9305	7332
454	7333
6989	7334
8130	7335
131	7336
9678	7337
3625	7338
2115	7339
1875	7340
5426	7341
9350	7342
4636	7343
7953	7344
8352	7345
744	7346
9402	7347
7761	7348
8569	7349
6129	7350
6357	7351
4568	7352
540	7353
3449	7354
710	7355
3161	7356
9233	7357
5493	7358
804	7359
5114	7360
1425	7361
1320	7362
3149	7363
8582	7364
4351	7365
3141	7366
5270	7367
6718	7368
8482	7369
999	7370
6273	7371
888	7372
6782	7373
7909	7374
230	7375
6787	7376
9559	7377
4506	7378
8198	7379
3598	7380
6322	7381
5121	7382
8092	7383
5834	7384
2388	7385
3878	7386
3009	7387
9451	7388
4839	7389
7599	7390
3558	7391
9413	7392
7949	7393
9013	7394
7799	7395
6910	7396
7779	7397
9284	7398
5233	7399
5109	7400
8104	7401
5761	7402
6139	7403
2374	7404
5106	7405
344	7406
3613	7407
8174	7408
960	7409
9062	7410
8178	7411
9433	7412
2517	7413
1025	7414
3951	7415
8581	7416
1481	7417
6318	7418
9108	7419
2019	7420
217	7421
4555	7422
2717	7423
5466	7424
2633	7425
7371	7426
2907	7427
27	7428
6935	7429
6448	7430
3028	7431
6323	7432
5906	7433
6927	7434
3760	7435
5338	7436
5760	7437
8006	7438
5614	7439
5808	7440
7161	7441
405	7442
1245	7443
3319	7444
7157	7445
1798	7446
1273	7447
5973	7448
1853	7449
4888	7450
6538	7451
4638	7452
2951	7453
7452	7454
5227	7455
2559	7456
2822	7457
5934	7458
732	7459
8428	7460
8155	7461
5052	7462
3275	7463
1081	7464
1201	7465
4456	7466
6731	7467
7837	7468
4924	7469
5731	7470
4315	7471
5201	7472
7956	7473
5994	7474
237	7475
8169	7476
6653	7477
4035	7478
9029	7479
5388	7480
8471	7481
9028	7482
3831	7483
8414	7484
2797	7485
7658	7486
26	7487
818	7488
1647	7489
1930	7490
14	7491
4236	7492
3270	7493
8765	7494
113	7495
5860	7496
3961	7497
5422	7498
386	7499
2719	7500
7342	7501
8066	7502
4694	7503
7008	7504
2534	7505
1876	7506
307	7507
9164	7508
3192	7509
2723	7510
5698	7511
1149	7512
4812	7513
908	7514
8760	7515
6777	7516
990	7517
6719	7518
8863	7519
1215	7520
3369	7521
4847	7522
1573	7523
4585	7524
2881	7525
1656	7526
7503	7527
5234	7528
7846	7529
8126	7530
4795	7531
3048	7532
3359	7533
3261	7534
4688	7535
5255	7536
10	7537
1881	7538
7976	7539
5254	7540
3399	7541
7427	7542
3283	7543
3256	7544
1206	7545
5482	7546
1717	7547
9258	7548
8609	7549
8861	7550
1239	7551
2854	7552
9513	7553
8372	7554
4726	7555
7334	7556
4301	7557
2695	7558
3632	7559
5956	7560
2367	7561
2869	7562
7760	7563
4796	7564
8154	7565
9162	7566
5903	7567
3826	7568
9301	7569
9031	7570
4327	7571
3347	7572
47	7573
7590	7574
5396	7575
2146	7576
7963	7577
2281	7578
5928	7579
3274	7580
2914	7581
962	7582
7821	7583
7121	7584
6079	7585
1679	7586
4283	7587
5523	7588
4759	7589
5506	7590
712	7591
3991	7592
7273	7593
2486	7594
7778	7595
9688	7596
392	7597
7852	7598
1150	7599
5748	7600
1454	7601
177	7602
2372	7603
666	7604
7999	7605
4214	7606
6570	7607
2905	7608
1654	7609
8493	7610
3403	7611
6518	7612
4154	7613
9290	7614
5840	7615
3214	7616
7386	7617
3523	7618
7054	7619
6943	7620
5486	7621
1617	7622
3130	7623
6628	7624
6926	7625
5880	7626
1353	7627
764	7628
9288	7629
134	7630
8266	7631
3766	7632
9268	7633
5373	7634
7916	7635
2793	7636
2629	7637
7015	7638
8643	7639
7920	7640
5750	7641
6609	7642
1989	7643
3326	7644
5833	7645
1916	7646
8450	7647
5408	7648
306	7649
7672	7650
2858	7651
3213	7652
8799	7653
1169	7654
8171	7655
3786	7656
3530	7657
2060	7658
8421	7659
2709	7660
1179	7661
1607	7662
1795	7663
299	7664
1555	7665
8522	7666
3041	7667
2343	7668
9247	7669
5186	7670
5894	7671
2360	7672
6171	7673
3716	7674
9399	7675
5516	7676
5565	7677
4155	7678
8293	7679
112	7680
3699	7681
4617	7682
1258	7683
1987	7684
4029	7685
1804	7686
726	7687
7436	7688
6464	7689
3253	7690
265	7691
2998	7692
5672	7693
2720	7694
9596	7695
694	7696
6735	7697
2034	7698
640	7699
9659	7700
53	7701
8399	7702
8474	7703
5957	7704
2283	7705
5194	7706
9240	7707
2066	7708
8383	7709
2703	7710
8239	7711
2518	7712
3771	7713
1730	7714
7567	7715
2825	7716
1619	7717
4046	7718
5693	7719
8515	7720
1963	7721
5968	7722
3049	7723
2654	7724
9317	7725
474	7726
8874	7727
3343	7728
3364	7729
2807	7730
641	7731
4612	7732
677	7733
95	7734
5632	7735
1005	7736
1365	7737
7100	7738
7894	7739
4963	7740
624	7741
6670	7742
7244	7743
4145	7744
5284	7745
9616	7746
2317	7747
256	7748
7484	7749
8585	7750
6703	7751
1093	7752
5815	7753
2956	7754
777	7755
3021	7756
2260	7757
6123	7758
5534	7759
5436	7760
1580	7761
5810	7762
8783	7763
9000	7764
6269	7765
4457	7766
7883	7767
111	7768
6900	7769
209	7770
2752	7771
6275	7772
7237	7773
24	7774
4716	7775
8128	7776
93	7777
5587	7778
7926	7779
1031	7780
2954	7781
9095	7782
4988	7783
1266	7784
1779	7785
1682	7786
1634	7787
9019	7788
2399	7789
5113	7790
5863	7791
6093	7792
7660	7793
3118	7794
4875	7795
693	7796
6023	7797
6678	7798
2681	7799
2083	7800
1308	7801
831	7802
92	7803
2726	7804
1689	7805
6081	7806
9116	7807
5822	7808
8204	7809
6580	7810
1751	7811
2443	7812
5468	7813
2642	7814
5502	7815
1813	7816
6319	7817
8903	7818
2965	7819
9454	7820
5354	7821
1536	7822
1936	7823
4840	7824
6004	7825
5229	7826
5339	7827
5098	7828
1487	7829
3264	7830
5612	7831
5555	7832
4814	7833
668	7834
7736	7835
4409	7836
3549	7837
1324	7838
5035	7839
6001	7840
2523	7841
1160	7842
341	7843
6284	7844
4905	7845
6971	7846
837	7847
5607	7848
461	7849
8658	7850
363	7851
7734	7852
8136	7853
7735	7854
385	7855
482	7856
2288	7857
8528	7858
8255	7859
6351	7860
2398	7861
6987	7862
7281	7863
7315	7864
1530	7865
8029	7866
1423	7867
340	7868
3764	7869
1955	7870
5554	7871
271	7872
6177	7873
4309	7874
2551	7875
3460	7876
8568	7877
193	7878
4935	7879
2781	7880
4349	7881
9471	7882
290	7883
4141	7884
2506	7885
6876	7886
6315	7887
9532	7888
1547	7889
2818	7890
5024	7891
9435	7892
3839	7893
30	7894
1407	7895
3504	7896
4836	7897
2519	7898
3024	7899
2001	7900
4660	7901
4162	7902
6986	7903
1412	7904
3475	7905
1493	7906
7116	7907
6866	7908
4485	7909
5969	7910
5907	7911
1948	7912
1129	7913
6901	7914
6042	7915
3694	7916
2815	7917
7150	7918
2745	7919
4150	7920
30	7921
3278	7922
4973	7923
7141	7924
3062	7925
2018	7926
6346	7927
1667	7928
2768	7929
5263	7930
7396	7931
6175	7932
5494	7933
5383	7934
1605	7935
1862	7936
7442	7937
623	7938
308	7939
778	7940
162	7941
3280	7942
7184	7943
5462	7944
2218	7945
6667	7946
7373	7947
3600	7948
4695	7949
1325	7950
7456	7951
9707	7952
89	7953
5496	7954
271	7955
2472	7956
6889	7957
6992	7958
148	7959
5766	7960
6091	7961
4872	7962
8746	7963
2671	7964
5882	7965
4923	7966
5004	7967
3543	7968
5508	7969
6556	7970
7635	7971
3787	7972
8597	7973
4196	7974
1388	7975
5053	7976
544	7977
3593	7978
6231	7979
7748	7980
1360	7981
5980	7982
5617	7983
5958	7984
647	7985
3388	7986
2786	7987
4548	7988
3608	7989
6574	7990
9692	7991
3320	7992
2957	7993
6972	7994
81	7995
3352	7996
2087	7997
6181	7998
7731	7999
7311	8000
6416	8001
1250	8002
6170	8003
7597	8004
8368	8005
6939	8006
3498	8007
3348	8008
9015	8009
8847	8010
1479	8011
788	8012
575	8013
5669	8014
8745	8015
573	8016
5067	8017
6807	8018
5157	8019
2202	8020
8114	8021
2116	8022
2645	8023
2355	8024
1072	8025
6803	8026
9020	8027
4529	8028
9321	8029
9297	8030
6549	8031
4844	8032
9489	8033
7057	8034
8470	8035
4074	8036
5844	8037
8233	8038
506	8039
3204	8040
28	8041
4559	8042
6211	8043
2605	8044
5293	8045
6270	8046
7697	8047
3081	8048
7079	8049
7438	8050
2371	8051
500	8052
3267	8053
3066	8054
4364	8055
8676	8056
2661	8057
1680	8058
14	8059
14	8060
9460	8061
4129	8062
721	8063
4906	8064
6738	8065
6285	8066
2746	8067
272	8068
6449	8069
7705	8070
2851	8071
3045	8072
2919	8073
8074	8074
5560	8075
8079	8076
4536	8077
2373	8078
2678	8079
4186	8080
6477	8081
3296	8082
6863	8083
8810	8084
1490	8085
3228	8086
8536	8087
260	8088
3073	8089
4027	8090
7958	8091
4830	8092
4234	8093
7519	8094
6289	8095
6783	8096
4460	8097
7422	8098
5809	8099
2673	8100
8555	8101
627	8102
7129	8103
4815	8104
1896	8105
4183	8106
519	8107
7168	8108
9355	8109
2427	8110
5711	8111
8357	8112
8124	8113
4910	8114
5627	8115
170	8116
206	8117
5749	8118
7213	8119
1111	8120
8205	8121
8478	8122
524	8123
1411	8124
1285	8125
6930	8126
3747	8127
2410	8128
4811	8129
6328	8130
4307	8131
6680	8132
1628	8133
6354	8134
2359	8135
2984	8136
4461	8137
8024	8138
950	8139
2136	8140
50	8141
2444	8142
8846	8143
824	8144
8524	8145
7392	8146
7550	8147
1307	8148
5570	8149
4065	8150
2245	8151
7549	8152
9419	8153
5671	8154
8002	8155
5160	8156
2607	8157
348	8158
9416	8159
1847	8160
3084	8161
2599	8162
4535	8163
6928	8164
8839	8165
6542	8166
3426	8167
1108	8168
956	8169
7414	8170
3057	8171
5597	8172
534	8173
4435	8174
3396	8175
4286	8176
6923	8177
6467	8178
9109	8179
8203	8180
7868	8181
7908	8182
1432	8183
1791	8184
8981	8185
6991	8186
7820	8187
3648	8188
7222	8189
607	8190
7510	8191
9185	8192
8068	8193
8075	8194
2021	8195
6198	8196
3085	8197
8005	8198
5415	8199
2188	8200
7937	8201
367	8202
7615	8203
2160	8204
3618	8205
8033	8206
6579	8207
7579	8208
7078	8209
6768	8210
3392	8211
6875	8212
2025	8213
1794	8214
7848	8215
4133	8216
3970	8217
99	8218
8333	8219
347	8220
5970	8221
310	8222
8531	8223
6636	8224
3633	8225
6209	8226
7136	8227
4917	8228
7477	8229
3165	8230
6401	8231
7114	8232
7895	8233
1754	8234
4194	8235
9065	8236
3596	8237
8862	8238
7060	8239
3459	8240
7932	8241
7084	8242
5721	8243
4754	8244
7117	8245
162	8246
1931	8247
6747	8248
3563	8249
2598	8250
8140	8251
5561	8252
6335	8253
2526	8254
8235	8255
9239	8256
3941	8257
6770	8258
2597	8259
2234	8260
4333	8261
6661	8262
8071	8263
688	8264
7391	8265
6588	8266
3405	8267
6587	8268
4898	8269
4762	8270
4254	8271
7520	8272
6745	8273
7679	8274
9130	8275
2887	8276
27	8277
2286	8278
1718	8279
9155	8280
4499	8281
5238	8282
6241	8283
3043	8284
6716	8285
6418	8286
7787	8287
6277	8288
3295	8289
242	8290
2478	8291
9097	8292
5139	8293
6639	8294
748	8295
9318	8296
3012	8297
8539	8298
8318	8299
5642	8300
7483	8301
219	8302
4170	8303
149	8304
196	8305
1593	8306
5924	8307
890	8308
108	8309
5864	8310
2663	8311
3603	8312
7575	8313
8889	8314
1267	8315
2619	8316
4586	8317
3036	8318
4088	8319
9145	8320
7536	8321
2413	8322
2109	8323
530	8324
756	8325
1509	8326
7896	8327
1722	8328
8248	8329
1029	8330
6581	8331
195	8332
5885	8333
9440	8334
6153	8335
5742	8336
5999	8337
4208	8338
190	8339
4067	8340
6076	8341
8014	8342
9554	8343
8127	8344
3175	8345
7967	8346
3458	8347
4167	8348
916	8349
337	8350
5799	8351
3948	8352
5514	8353
5126	8354
835	8355
2194	8356
4330	8357
2380	8358
9626	8359
2112	8360
6072	8361
1766	8362
4429	8363
7155	8364
9009	8365
2791	8366
9186	8367
1827	8368
3651	8369
3423	8370
3727	8371
2108	8372
8268	8373
4500	8374
4756	8375
1173	8376
198	8377
313	8378
2596	8379
288	8380
8590	8381
5558	8382
8995	8383
1132	8384
4407	8385
9530	8386
8711	8387
508	8388
8986	8389
841	8390
7652	8391
8271	8392
3372	8393
1837	8394
4355	8395
4921	8396
9589	8397
9336	8398
7215	8399
5141	8400
998	8401
5603	8402
7546	8403
625	8404
6613	8405
3604	8406
9425	8407
4972	8408
8165	8409
366	8410
671	8411
5372	8412
936	8413
5862	8414
3758	8415
5490	8416
3469	8417
6734	8418
6451	8419
4618	8420
701	8421
2996	8422
2326	8423
629	8424
8429	8425
3859	8426
8054	8427
4242	8428
5017	8429
9422	8430
5726	8431
9338	8432
9211	8433
1660	8434
5702	8435
2860	8436
8675	8437
5538	8438
4425	8439
2871	8440
8688	8441
1073	8442
7372	8443
6165	8444
100	8445
8683	8446
1541	8447
8916	8448
1243	8449
2082	8450
5753	8451
8108	8452
1269	8453
5237	8454
6813	8455
2898	8456
3095	8457
8557	8458
2327	8459
2426	8460
3212	8461
8649	8462
183	8463
1272	8464
2910	8465
961	8466
851	8467
6946	8468
1171	8469
8592	8470
3189	8471
177	8472
5450	8473
222	8474
1851	8475
9254	8476
2761	8477
2000	8478
4560	8479
9078	8480
1018	8481
3605	8482
2101	8483
9458	8484
4059	8485
4862	8486
8350	8487
9526	8488
8835	8489
3376	8490
4451	8491
5092	8492
2138	8493
8439	8494
4122	8495
667	8496
1358	8497
5783	8498
9549	8499
7231	8500
3977	8501
2208	8502
8148	8503
4706	8504
6268	8505
3506	8506
5287	8507
7975	8508
9335	8509
3597	8510
6046	8511
6706	8512
5571	8513
843	8514
2976	8515
583	8516
5249	8517
2015	8518
1460	8519
2836	8520
2302	8521
4991	8522
8463	8523
2404	8524
4806	8525
9397	8526
6463	8527
4370	8528
357	8529
1548	8530
2224	8531
9066	8532
5210	8533
8695	8534
2249	8535
5036	8536
2588	8537
1574	8538
6741	8539
1110	8540
6944	8541
597	8542
4206	8543
7448	8544
3387	8545
6995	8546
9203	8547
7450	8548
6550	8549
1879	8550
8767	8551
4371	8552
9691	8553
6298	8554
3816	8555
7587	8556
6658	8557
2027	8558
8979	8559
6118	8560
8881	8561
9024	8562
2693	8563
1195	8564
1200	8565
1850	8566
3441	8567
4686	8568
8483	8569
4372	8570
1035	8571
7553	8572
7262	8573
2841	8574
7040	8575
7496	8576
2012	8577
7957	8578
8969	8579
7462	8580
8022	8581
529	8582
6564	8583
28	8584
7395	8585
9648	8586
7618	8587
2282	8588
9390	8589
1427	8590
1156	8591
9391	8592
3350	8593
5117	8594
5417	8595
4590	8596
9396	8597
8878	8598
6421	8599
9697	8600
7118	8601
4057	8602
208	8603
9573	8604
5926	8605
6746	8606
1595	8607
6976	8608
4368	8609
1430	8610
1017	8611
9107	8612
2405	8613
8876	8614
7954	8615
6789	8616
7325	8617
2655	8618
467	8619
4101	8620
218	8621
5825	8622
4514	8623
1770	8624
7287	8625
1849	8626
8504	8627
4824	8628
6201	8629
7472	8630
4606	8631
9219	8632
3725	8633
7523	8634
8946	8635
5002	8636
9666	8637
3499	8638
8201	8639
2272	8640
6356	8641
3808	8642
181	8643
5076	8644
6903	8645
7849	8646
203	8647
3913	8648
3477	8649
4337	8650
3468	8651
8911	8652
773	8653
2278	8654
4454	8655
6452	8656
5919	8657
7792	8658
2268	8659
5564	8660
8855	8661
7322	8662
7196	8663
9169	8664
1787	8665
3486	8666
8037	8667
933	8668
9199	8669
2091	8670
7030	8671
535	8672
9135	8673
1709	8674
2733	8675
2716	8676
6853	8677
2616	8678
9106	8679
7940	8680
9508	8681
7708	8682
4195	8683
7018	8684
4769	8685
1119	8686
7174	8687
8845	8688
2265	8689
6828	8690
35	8691
7105	8692
3610	8693
3730	8694
3980	8695
3531	8696
7112	8697
8388	8698
7379	8699
5713	8700
3741	8701
7988	8702
5925	8703
7808	8704
9585	8705
1311	8706
7924	8707
8850	8708
4913	8709
4949	8710
1076	8711
1174	8712
4702	8713
2329	8714
4175	8715
8142	8716
9075	8717
6526	8718
2474	8719
143	8720
7784	8721
8754	8722
6591	8723
1745	8724
2270	8725
4402	8726
8864	8727
1869	8728
5842	8729
2482	8730
7881	8731
1942	8732
2450	8733
7437	8734
5666	8735
9582	8736
133	8737
2006	8738
2554	8739
8884	8740
10	8741
3889	8742
6931	8743
5578	8744
5884	8745
7987	8746
8982	8747
9059	8748
8721	8749
7539	8750
1691	8751
4663	8752
5219	8753
1550	8754
4599	8755
7216	8756
9102	8757
4142	8758
965	8759
5316	8760
472	8761
684	8762
1673	8763
3002	8764
9398	8765
5236	8766
6744	8767
7343	8768
182	8769
3714	8770
2610	8771
6124	8772
1710	8773
4583	8774
7323	8775
8519	8776
9119	8777
1838	8778
5184	8779
6629	8780
1355	8781
5165	8782
7043	8783
8284	8784
7572	8785
2581	8786
8358	8787
3541	8788
6608	8789
5963	8790
4801	8791
5715	8792
127	8793
2203	8794
2143	8795
8101	8796
5115	8797
7982	8798
6854	8799
6818	8800
1995	8801
6638	8802
8251	8803
6603	8804
5142	8805
169	8806
7977	8807
6522	8808
9152	8809
5892	8810
2158	8811
2689	8812
3810	8813
268	8814
7545	8815
9682	8816
5390	8817
6011	8818
4714	8819
9136	8820
6605	8821
6404	8822
1088	8823
4562	8824
2892	8825
6088	8826
3363	8827
3803	8828
3417	8829
5054	8830
9332	8831
4477	8832
9465	8833
4100	8834
1227	8835
9575	8836
3138	8837
5819	8838
4625	8839
4530	8840
16	8841
2814	8842
3584	8843
8964	8844
1037	8845
6945	8846
9259	8847
8003	8848
3433	8849
1975	8850
3617	8851
475	8852
3542	8853
2895	8854
8610	8855
1724	8856
6601	8857
3465	8858
6700	8859
9096	8860
410	8861
7458	8862
7650	8863
226	8864
4114	8865
6370	8866
5640	8867
8259	8868
7251	8869
7927	8870
1257	8871
8425	8872
4249	8873
520	8874
2238	8875
3104	8876
54	8877
2721	8878
4340	8879
1830	8880
4882	8881
718	8882
3098	8883
8923	8884
2592	8885
1066	8886
6869	8887
6410	8888
9291	8889
1611	8890
8591	8891
4000	8892
2498	8893
7378	8894
3745	8895
8125	8896
238	8897
834	8898
8587	8899
1052	8900
3735	8901
135	8902
86	8903
9607	8904
4348	8905
185	8906
3120	8907
6864	8908
94	8909
555	8910
77	8911
1473	8912
8600	8913
1832	8914
6238	8915
2971	8916
2734	8917
7411	8918
1563	8919
8640	8920
1811	8921
2640	8922
7376	8923
2913	8924
7010	8925
1098	8926
305	8927
1492	8928
1082	8929
166	8930
6594	8931
6861	8932
6867	8933
3069	8934
8577	8935
2162	8936
5510	8937
2690	8938
7441	8939
5574	8940
7360	8941
9294	8942
3091	8943
6078	8944
141	8945
4986	8946
5537	8947
1242	8948
4215	8949
9469	8950
3557	8951
9514	8952
8715	8953
3819	8954
734	8955
4708	8956
4911	8957
8055	8958
5011	8959
613	8960
6458	8961
3533	8962
6476	8963
8535	8964
2979	8965
3916	8966
5683	8967
839	8968
807	8969
9417	8970
9662	8971
4336	8972
2236	8973
4036	8974
1882	8975
691	8976
681	8977
6872	8978
821	8979
9158	8980
8534	8981
5858	8982
4866	8983
1032	8984
566	8985
125	8986
432	8987
4489	8988
6182	8989
4580	8990
7074	8991
5027	8992
9101	8993
4557	8994
5324	8995
7088	8996
7973	8997
1937	8998
7181	8999
9129	9000
1499	9001
5294	9002
8078	9003
7346	9004
9333	9005
8595	9006
8253	9007
7370	9008
6223	9009
4181	9010
8575	9011
9366	9012
8613	9013
6996	9014
585	9015
7272	9016
2507	9017
6809	9018
6844	9019
1915	9020
1657	9021
1131	9022
2047	9023
195	9024
1990	9025
4374	9026
6389	9027
129	9028
9037	9029
200	9030
2983	9031
5935	9032
2675	9033
7684	9034
6792	9035
6797	9036
1299	9037
8853	9038
1013	9039
8908	9040
9647	9041
7566	9042
4565	9043
3779	9044
6748	9045
4235	9046
8506	9047
6057	9048
1259	9049
3207	9050
3005	9051
2465	9052
8087	9053
1771	9054
3406	9055
5779	9056
6254	9057
4519	9058
3419	9059
8751	9060
4943	9061
2582	9062
2420	9063
2058	9064
9279	9065
163	9066
6432	9067
7480	9068
6707	9069
7164	9070
7770	9071
211	9072
6896	9073
4243	9074
2585	9075
6826	9076
7357	9077
250	9078
1772	9079
9570	9080
7876	9081
6679	9082
99	9083
9556	9084
4600	9085
5681	9086
62	9087
356	9088
8728	9089
173	9090
1191	9091
6599	9092
570	9093
532	9094
5049	9095
3705	9096
7348	9097
8977	9098
3589	9099
6353	9100
4102	9101
5105	9102
7863	9103
781	9104
565	9105
1265	9106
8614	9107
1687	9108
3074	9109
604	9110
8766	9111
9478	9112
5409	9113
1696	9114
5378	9115
1890	9116
2310	9117
5457	9118
6167	9119
279	9120
2901	9121
3567	9122
697	9123
6003	9124
3783	9125
7424	9126
1117	9127
6423	9128
4362	9129
9168	9130
6533	9131
7365	9132
5655	9133
8013	9134
3367	9135
4615	9136
298	9137
3954	9138
4147	9139
8276	9140
7542	9141
1672	9142
9534	9143
89	9144
8365	9145
3891	9146
6297	9147
1539	9148
7374	9149
3521	9150
896	9151
1482	9152
8566	9153
1684	9154
6954	9155
1152	9156
830	9157
639	9158
260	9159
2172	9160
1438	9161
4140	9162
6833	9163
4052	9164
6791	9165
452	9166
5265	9167
8197	9168
3171	9169
9248	9170
5708	9171
4328	9172
1569	9173
5066	9174
8586	9175
8779	9176
3055	9177
6408	9178
7499	9179
7316	9180
4491	9181
8260	9182
6563	9183
2424	9184
3668	9185
2801	9186
3159	9187
5723	9188
85	9189
686	9190
9531	9191
9522	9192
1068	9193
910	9194
5488	9195
9680	9196
7851	9197
2065	9198
60	9199
2817	9200
8215	9201
1153	9202
3992	9203
1767	9204
2760	9205
7455	9206
4593	9207
6756	9208
7744	9209
5616	9210
6673	9211
4292	9212
4063	9213
5613	9214
9068	9215
4524	9216
8407	9217
2191	9218
1818	9219
5185	9220
1546	9221
2155	9222
9201	9223
2925	9224
885	9225
1431	9226
6185	9227
1965	9228
8001	9229
2707	9230
1742	9231
172	9232
5379	9233
6816	9234
5220	9235
1537	9236
6994	9237
2888	9238
3482	9239
2020	9240
840	9241
6334	9242
3152	9243
1233	9244
5953	9245
1039	9246
7384	9247
1820	9248
8322	9249
883	9250
470	9251
6714	9252
1855	9253
8776	9254
5097	9255
4558	9256
4808	9257
6622	9258
2086	9259
5268	9260
6394	9261
8304	9262
7547	9263
6565	9264
3390	9265
6317	9266
3492	9267
8150	9268
6457	9269
4125	9270
6941	9271
1444	9272
96	9273
3738	9274
5307	9275
9115	9276
6659	9277
4331	9278
5064	9279
9161	9280
8223	9281
2408	9282
2656	9283
8472	9284
7166	9285
7425	9286
6775	9287
69	9288
3833	9289
3864	9290
327	9291
5055	9292
8744	9293
9630	9294
8797	9295
5854	9296
7986	9297
2604	9298
5226	9299
6911	9300
6400	9301
9569	9302
4614	9303
4365	9304
223	9305
2886	9306
6426	9307
1019	9308
9103	9309
3794	9310
1962	9311
24	9312
9330	9313
9067	9314
3080	9315
8554	9316
6675	9317
9118	9318
3540	9319
6993	9320
8621	9321
15	9322
3418	9323
3174	9324
5202	9325
19	9326
6965	9327
2118	9328
5029	9329
7295	9330
5998	9331
9132	9332
3150	9333
202	9334
3302	9335
9098	9336
747	9337
9490	9338
8413	9339
4683	9340
7180	9341
8163	9342
6307	9343
5314	9344
8199	9345
3585	9346
9047	9347
8991	9348
1254	9349
7055	9350
8664	9351
4718	9352
8107	9353
5987	9354
319	9355
2945	9356
970	9357
6037	9358
5442	9359
6920	9360
6196	9361
2038	9362
996	9363
1004	9364
2	9365
5209	9366
548	9367
7356	9368
6754	9369
5361	9370
2651	9371
2960	9372
6333	9373
72	9374
3520	9375
4323	9376
8496	9377
8817	9378
3129	9379
5427	9380
3976	9381
4139	9382
7941	9383
2989	9384
7402	9385
8270	9386
6148	9387
4860	9388
3020	9389
7123	9390
964	9391
9251	9392
9615	9393
7235	9394
109	9395
2532	9396
815	9397
3211	9398
7495	9399
3178	9400
79	9401
4019	9402
49	9403
6188	9404
8025	9405
8157	9406
2808	9407
4068	9408
1468	9409
3964	9410
6767	9411
9457	9412
6772	9413
7115	9414
4828	9415
7600	9416
9236	9417
4276	9418
1377	9419
6438	9420
1707	9421
7101	9422
2423	9423
8972	9424
6560	9425
2279	9426
3268	9427
8052	9428
8110	9429
3225	9430
2487	9431
1658	9432
257	9433
8928	9434
6489	9435
8049	9436
5751	9437
7465	9438
8887	9439
2276	9440
7729	9441
4324	9442
239	9443
3145	9444
644	9445
4715	9446
3342	9447
7933	9448
317	9449
8279	9450
9039	9451
8706	9452
8963	9453
872	9454
7021	9455
5579	9456
3135	9457
3182	9458
2315	9459
2206	9460
7739	9461
6054	9462
4233	9463
2724	9464
52	9465
128	9466
1768	9467
1316	9468
9080	9469
220	9470
5264	9471
5706	9472
353	9473
419	9474
9492	9475
3082	9476
4136	9477
7758	9478
7338	9479
880	9480
6999	9481
8240	9482
91	9483
4413	9484
6409	9485
1436	9486
7559	9487
2849	9488
1314	9489
1401	9490
3346	9491
7475	9492
4244	9493
7636	9494
81	9495
4635	9496
6143	9497
5959	9498
8262	9499
7053	9500
5065	9501
5728	9502
3393	9503
4313	9504
5200	9505
8334	9506
6166	9507
476	9508
4892	9509
6871	9510
3052	9511
7280	9512
8681	9513
8768	9514
2228	9515
9133	9516
5498	9517
3288	9518
9003	9519
1839	9520
1342	9521
3667	9522
3101	9523
2430	9524
5716	9525
8162	9526
6893	9527
4630	9528
6222	9529
7071	9530
1938	9531
2316	9532
8362	9533
8438	9534
4228	9535
6374	9536
2776	9537
7339	9538
3857	9539
2335	9540
9455	9541
1649	9542
7399	9543
715	9544
1806	9545
9304	9546
6044	9547
2183	9548
3142	9549
5107	9550
7134	9551
8370	9552
1874	9553
5651	9554
2833	9555
7607	9556
7413	9557
9323	9558
9127	9559
6303	9560
5737	9561
208	9562
5225	9563
8035	9564
7632	9565
8432	9566
2739	9567
3339	9568
3102	9569
1520	9570
3707	9571
6562	9572
6859	9573
252	9574
2422	9575
2362	9576
2650	9577
8206	9578
1380	9579
4270	9580
1012	9581
3332	9582
2784	9583
2169	9584
8381	9585
7998	9586
1225	9587
6514	9588
5374	9589
4861	9590
8391	9591
2200	9592
427	9593
3153	9594
5414	9595
2446	9596
2773	9597
2561	9598
954	9599
8740	9600
755	9601
4481	9602
6555	9603
7724	9604
7626	9605
6722	9606
7970	9607
239	9608
2653	9609
57	9610
3515	9611
3846	9612
935	9613
2280	9614
6116	9615
5845	9616
2744	9617
3602	9618
3374	9619
9058	9620
2464	9621
7795	9622
2852	9623
7826	9624
3763	9625
2782	9626
7665	9627
7507	9628
3494	9629
76	9630
7277	9631
1251	9632
4550	9633
2692	9634
4217	9635
1920	9636
8558	9637
5019	9638
6383	9639
5124	9640
3402	9641
4350	9642
514	9643
9278	9644
7676	9645
8686	9646
9200	9647
433	9648
3737	9649
2802	9650
3733	9651
7002	9652
3155	9653
3236	9654
4596	9655
8208	9656
5504	9657
144	9658
8473	9659
1297	9660
9464	9661
6150	9662
643	9663
8237	9664
9157	9665
1470	9666
7368	9667
2177	9668
3259	9669
3322	9670
1985	9671
817	9672
1147	9673
126	9674
235	9675
1363	9676
8116	9677
3895	9678
8376	9679
738	9680
2102	9681
46	9682
3103	9683
1763	9684
2499	9685
6705	9686
664	9687
138	9688
6725	9689
5015	9690
6058	9691
5950	9692
1077	9693
3090	9694
4945	9695
8736	9696
376	9697
6025	9698
2539	9699
7109	9700
4959	9701
6730	9702
8328	9703
3849	9704
7928	9705
8129	9706
1429	9707
6836	9708
4773	9709
9698	9710
8069	9711
186	9712
6276	9713
4341	9714
1613	9715
7146	9716
7145	9717
4653	9718
7482	9719
6729	9720
259	9721
5455	9722
8598	9723
7082	9724
926	9725
2970	9726
158	9727
7807	9728
4484	9729
4317	9730
889	9731
8900	9732
2354	9733
6131	9734
849	9735
4105	9736
3287	9737
6121	9738
6553	9739
7303	9740
1112	9741
7594	9742
3547	9743
3420	9744
6263	9745
458	9746
7995	9747
3313	9748
3333	9749
8034	9750
7671	9751
606	9752
7147	9753
5492	9754
665	9755
2931	9756
1477	9757
1210	9758
7617	9759
9299	9760
7902	9761
111	9762
709	9763
1249	9764
5022	9765
6133	9766
7349	9767
7722	9768
4533	9769
7337	9770
3051	9771
9483	9772
7062	9773
2617	9774
946	9775
860	9776
8048	9777
6071	9778
4578	9779
9627	9780
4222	9781
8834	9782
3512	9783
4992	9784
7505	9785
7966	9786
6794	9787
4684	9788
948	9789
4202	9790
3952	9791
43	9792
75	9793
655	9794
8724	9795
8093	9796
992	9797
4190	9798
907	9799
3823	9800
621	9801
4588	9802
899	9803
8141	9804
2730	9805
982	9806
3250	9807
2382	9808
9504	9809
5330	9810
5175	9811
6664	9812
648	9813
9212	9814
7488	9815
4621	9816
8011	9817
6771	9818
6083	9819
175	9820
2785	9821
6274	9822
5	9823
1872	9824
5465	9825
5584	9826
8873	9827
616	9828
3429	9829
6112	9830
827	9831
4771	9832
5152	9833
430	9834
509	9835
1666	9836
2715	9837
1559	9838
6751	9839
9329	9840
6372	9841
9665	9842
8895	9843
6544	9844
8375	9845
2668	9846
6598	9847
751	9848
8574	9849
8320	9850
7788	9851
4934	9852
2558	9853
8902	9854
7755	9855
7910	9856
9381	9857
5898	9858
5572	9859
3607	9860
5910	9861
6172	9862
3495	9863
8207	9864
7811	9865
9538	9866
3959	9867
7151	9868
5110	9869
7711	9870
3111	9871
8734	9872
1453	9873
1545	9874
9287	9875
657	9876
3222	9877
38	9878
157	9879
5235	9880
7634	9881
292	9882
7842	9883
8366	9884
7997	9885
7930	9886
8464	9887
7582	9888
7221	9889
7065	9890
654	9891
6589	9892
4985	9893
2182	9894
4275	9895
7586	9896
9386	9897
1275	9898
2657	9899
9507	9900
3534	9901
9257	9902
8100	9903
6174	9904
4011	9905
3872	9906
5553	9907
2798	9908
5546	9909
1956	9910
5062	9911
5788	9912
8458	9913
7143	9914
248	9915
1007	9916
2395	9917
4007	9918
5866	9919
5181	9920
4572	9921
5438	9922
5350	9923
2070	9924
8267	9925
7035	9926
8651	9927
3544	9928
4269	9929
5938	9930
4335	9931
6062	9932
3975	9933
3365	9934
7991	9935
9690	9936
6306	9937
7592	9938
5978	9939
184	9940
1728	9941
2222	9942
4466	9943
1910	9944
8919	9945
318	9946
5363	9947
1172	9948
8854	9949
3327	9950
8576	9951
4089	9952
600	9953
1053	9954
6050	9955
2958	9956
8896	9957
5096	9958
3	9959
442	9960
4478	9961
2883	9962
7158	9963
9452	9964
3660	9965
1359	9966
2882	9967
7678	9968
2934	9969
3868	9970
557	9971
7006	9972
8692	9973
6841	9974
9214	9975
5099	9976
6879	9977
1474	9978
6506	9979
8356	9980
4958	9981
3682	9982
876	9983
321	9984
248	9985
1744	9986
7737	9987
4151	9988
4846	9989
5690	9990
4516	9991
981	9992
2493	9993
5023	9994
6697	9995
7246	9996
8948	9997
1292	9998
1443	9999
5146	10000
